id,group_id,lv,insert_type_1,hp_value1,hp_value2,mp_value1,mp_value2,insert_type_2,strength,vitality,agility,intelligence,spirit,magic,luck,insert_type_3,accuracy_rate,magic_evasion_rate,magical_times1,magical_times2,magical_times3,magical_times4,magical_times5,magical_times6,magical_times7,magical_times8
1,1,2,3,1,0,0,0,3,1,0,0,0,0,0,0,1,3,2,0,0,0,0,0,0,0,0
2,1,3,3,0,0,0,0,3,0,1,1,0,0,0,0,1,3,2,0,0,0,0,0,0,0,0
3,1,4,3,1,0,0,0,3,1,0,0,0,0,0,1,1,3,2,0,0,0,0,0,0,0,0
4,1,5,3,0,0,0,0,3,0,1,1,0,0,0,0,1,3,2,0,0,0,0,0,0,0,0
5,1,6,3,1,0,0,0,3,1,0,0,1,0,0,1,1,3,2,0,0,0,0,0,0,0,0
6,1,7,3,0,0,0,0,3,0,0,1,0,0,0,0,1,3,2,0,0,0,0,0,0,0,0
7,1,8,3,1,0,0,0,3,1,0,0,0,0,0,0,1,3,2,0,0,0,0,0,0,0,0
8,1,9,3,0,0,0,0,3,0,1,1,0,0,0,0,1,3,2,0,0,0,0,0,0,0,0
9,1,10,3,1,0,0,0,3,1,0,0,0,0,0,1,1,3,2,0,0,0,0,0,0,0,0
10,1,11,3,0,0,0,0,3,0,1,1,0,0,0,0,1,3,2,0,0,0,0,0,0,0,0
11,1,12,3,1,0,0,0,3,1,0,0,1,0,0,1,1,3,2,0,0,0,0,0,0,0,0
12,1,13,3,0,0,0,0,3,0,0,1,0,0,0,0,1,3,2,0,0,0,0,0,0,0,0
13,1,14,3,1,0,0,0,3,1,0,0,0,0,0,0,1,3,2,0,0,0,0,0,0,0,0
14,1,15,3,0,0,0,0,3,0,1,1,0,0,0,0,1,3,2,0,0,0,0,0,0,0,0
15,1,16,3,1,0,0,0,3,1,0,0,0,0,0,1,1,3,2,0,0,0,0,0,0,0,0
16,1,17,3,0,0,0,0,3,0,1,1,0,0,0,0,1,3,2,0,0,0,0,0,0,0,0
17,1,18,3,1,0,0,0,3,1,0,0,1,0,0,1,1,3,2,0,0,0,0,0,0,0,0
18,1,19,3,0,0,0,0,3,0,0,1,0,0,0,0,1,3,2,0,0,0,0,0,0,0,0
19,1,20,3,1,0,0,0,3,1,0,0,0,0,0,0,1,3,2,0,0,0,0,0,0,0,0
20,1,21,3,0,0,0,0,3,0,1,1,0,0,0,0,1,3,2,0,0,0,0,0,0,0,0
21,1,22,3,0,0,0,0,3,1,0,0,0,0,0,1,1,3,2,0,0,0,0,0,0,0,0
22,1,23,3,0,0,0,0,3,0,1,1,0,0,0,0,1,3,2,0,0,0,0,0,0,0,0
23,1,24,3,1,0,0,0,3,1,0,0,1,0,0,1,1,3,2,0,0,0,0,0,0,0,0
24,1,25,3,0,0,0,0,3,0,0,1,0,0,0,0,1,3,2,0,0,0,0,0,0,0,0
25,1,26,3,1,0,0,0,3,1,0,0,0,0,0,0,1,3,2,0,0,0,0,0,0,0,0
26,1,27,3,0,0,0,0,3,0,1,1,0,0,0,0,1,3,2,0,0,0,0,0,0,0,0
27,1,28,3,0,0,0,0,3,1,0,0,0,0,0,1,1,3,2,0,0,0,0,0,0,0,0
28,1,29,3,0,0,0,0,3,0,1,1,0,0,0,0,1,3,2,0,0,0,0,0,0,0,0
29,1,30,3,1,0,0,0,3,1,0,0,1,0,0,1,1,3,2,0,0,0,0,0,0,0,0
30,1,31,3,0,0,0,0,3,0,0,1,0,0,0,0,1,3,2,0,0,0,0,0,0,0,0
31,1,32,3,1,0,0,0,3,1,0,0,0,0,0,0,1,3,2,0,0,0,0,0,0,0,0
32,1,33,3,0,0,0,0,3,0,1,1,0,0,0,0,1,3,2,0,0,0,0,0,0,0,0
33,1,34,3,0,0,0,0,3,1,0,0,0,0,0,1,1,3,2,0,0,0,0,0,0,0,0
34,1,35,3,0,0,0,0,3,0,1,1,0,0,0,0,1,3,2,0,0,0,0,0,0,0,0
35,1,36,3,1,0,0,0,3,1,0,0,1,0,0,1,1,3,2,0,0,0,0,0,0,0,0
36,1,37,3,0,0,0,0,3,0,0,1,0,0,0,0,1,3,2,0,0,0,0,0,0,0,0
37,1,38,3,1,0,0,0,3,1,0,0,0,0,0,0,1,3,2,0,0,0,0,0,0,0,0
38,1,39,3,0,0,0,0,3,0,1,1,0,0,0,0,1,3,2,0,0,0,0,0,0,0,0
39,1,40,3,0,0,0,0,3,1,0,0,0,0,0,1,1,3,2,0,0,0,0,0,0,0,0
40,1,41,3,0,0,0,0,3,0,1,0,0,0,0,0,1,3,2,0,0,0,0,0,0,0,0
41,1,42,3,1,0,0,0,3,1,0,0,1,0,0,1,1,3,2,0,0,0,0,0,0,0,0
42,1,43,3,0,0,0,0,3,0,0,1,0,0,0,0,1,3,2,0,0,0,0,0,0,0,0
43,1,44,3,1,0,0,0,3,1,0,0,0,0,0,0,1,3,2,0,0,0,0,0,0,0,0
44,1,45,3,0,0,0,0,3,0,1,1,0,0,0,0,1,3,2,0,0,0,0,0,0,0,0
45,1,46,3,0,0,0,0,3,1,0,0,0,0,0,1,1,3,2,0,0,0,0,0,0,0,0
46,1,47,3,0,0,0,0,3,0,1,0,0,0,0,0,1,3,2,0,0,0,0,0,0,0,0
47,1,48,3,0,0,0,0,3,1,0,0,1,0,0,1,1,3,2,0,0,0,0,0,0,0,0
48,1,49,3,0,0,0,0,3,0,0,1,0,0,0,0,1,3,2,0,0,0,0,0,0,0,0
49,1,50,3,1,0,0,0,3,1,0,0,0,0,0,0,1,3,2,0,0,0,0,0,0,0,0
50,1,51,3,0,0,0,0,3,0,1,1,0,0,0,0,1,3,2,0,0,0,0,0,0,0,0
51,1,52,3,0,0,0,0,3,1,0,0,0,0,0,1,1,3,2,0,0,0,0,0,0,0,0
52,1,53,3,0,0,0,0,3,0,1,0,0,0,0,0,1,3,2,0,0,0,0,0,0,0,0
53,1,54,3,0,0,0,0,3,1,0,0,1,0,0,1,1,3,2,0,0,0,0,0,0,0,0
54,1,55,3,0,0,0,0,3,0,0,1,0,0,0,0,1,3,2,0,0,0,0,0,0,0,0
55,1,56,3,1,0,0,0,3,1,0,0,0,0,0,0,1,3,2,0,0,0,0,0,0,0,0
56,1,57,3,0,0,0,0,3,0,1,1,0,0,0,0,1,3,2,0,0,0,0,0,0,0,0
57,1,58,3,0,0,0,0,3,1,0,0,0,0,0,1,1,3,2,0,0,0,0,0,0,0,0
58,1,59,3,0,0,0,0,3,0,1,0,0,0,0,0,1,3,2,0,0,0,0,0,0,0,0
59,1,60,3,0,0,0,0,3,1,0,0,1,0,0,1,1,3,2,0,0,0,0,0,0,0,0
60,1,61,3,0,0,0,0,3,0,0,1,0,0,0,0,1,3,2,0,0,0,0,0,0,0,0
61,1,62,3,1,0,0,0,3,1,0,0,0,0,0,0,1,3,2,0,0,0,0,0,0,0,0
62,1,63,3,0,0,0,0,3,0,1,0,0,0,0,0,1,3,2,0,0,0,0,0,0,0,0
63,1,64,3,0,0,0,0,3,1,0,0,0,0,0,1,1,3,2,0,0,0,0,0,0,0,0
64,1,65,3,0,0,0,0,3,0,0,1,0,0,0,0,1,3,2,0,0,0,0,0,0,0,0
65,1,66,3,0,0,0,0,3,1,0,0,1,0,0,0,1,3,2,0,0,0,0,0,0,0,0
66,1,67,3,0,0,0,0,3,0,1,0,0,0,0,0,1,3,2,0,0,0,0,0,0,0,0
67,1,68,3,1,0,0,0,3,1,0,0,0,0,0,1,1,3,2,0,0,0,0,0,0,0,0
68,1,69,3,0,0,0,0,3,0,0,1,0,0,0,0,1,3,2,0,0,0,0,0,0,0,0
69,1,70,3,0,0,0,0,3,1,0,0,0,0,0,0,1,3,2,0,0,0,0,0,0,0,0
70,1,71,3,0,0,0,0,3,0,1,0,0,0,0,0,1,3,2,0,0,0,0,0,0,0,0
71,1,72,3,0,0,0,0,3,1,0,0,1,0,0,1,1,3,2,0,0,0,0,0,0,0,0
72,1,73,3,0,0,0,0,3,0,0,1,0,0,0,0,1,3,2,0,0,0,0,0,0,0,0
73,1,74,3,1,0,0,0,3,1,0,0,0,0,0,0,1,3,2,0,0,0,0,0,0,0,0
74,1,75,3,0,0,0,0,3,0,1,0,0,0,0,0,1,3,2,0,0,0,0,0,0,0,0
75,1,76,3,0,0,0,0,3,1,0,0,0,0,0,1,1,3,2,0,0,0,0,0,0,0,0
76,1,77,3,0,0,0,0,3,0,0,1,0,0,0,0,1,3,2,0,0,0,0,0,0,0,0
77,1,78,3,0,0,0,0,3,1,0,0,1,0,0,0,1,3,2,0,0,0,0,0,0,0,0
78,1,79,3,0,0,0,0,3,0,1,0,0,0,0,0,1,3,2,0,0,0,0,0,0,0,0
79,1,80,3,1,0,0,0,3,1,0,0,0,0,0,0,1,3,2,0,0,0,0,0,0,0,0
80,1,81,3,0,0,0,0,3,0,0,1,0,0,0,0,1,3,2,0,0,0,0,0,0,0,0
81,1,82,3,0,0,0,0,3,1,0,0,0,0,0,0,1,3,2,0,0,0,0,0,0,0,0
82,1,83,3,0,0,0,0,3,0,0,0,0,0,0,0,1,3,2,0,0,0,0,0,0,0,0
83,1,84,3,0,0,0,0,3,1,0,0,1,0,0,0,1,3,2,0,0,0,0,0,0,0,0
84,1,85,3,0,0,0,0,3,0,0,1,0,0,0,0,1,3,2,0,0,0,0,0,0,0,0
85,1,86,3,1,0,0,0,3,1,0,0,0,0,0,0,1,3,2,0,0,0,0,0,0,0,0
86,1,87,3,0,0,0,0,3,0,0,0,0,0,0,0,1,3,2,0,0,0,0,0,0,0,0
87,1,88,3,0,0,0,0,3,1,0,0,0,0,0,0,1,3,2,0,0,0,0,0,0,0,0
88,1,89,3,0,0,0,0,3,0,0,1,0,0,0,0,1,3,2,0,0,0,0,0,0,0,0
89,1,90,3,0,0,0,0,3,1,0,0,0,0,0,0,1,3,2,0,0,0,0,0,0,0,0
90,1,91,3,0,0,0,0,3,0,0,0,0,0,0,0,1,3,2,0,0,0,0,0,0,0,0
91,1,92,3,1,0,0,0,3,1,0,0,0,0,0,0,1,3,2,0,0,0,0,0,0,0,0
92,1,93,3,0,0,0,0,3,0,0,1,0,0,0,0,1,3,2,0,0,0,0,0,0,0,0
93,1,94,3,0,0,0,0,3,1,0,0,0,0,0,0,1,3,2,0,0,0,0,0,0,0,0
94,1,95,3,0,0,0,0,3,0,0,0,0,0,0,0,1,3,2,0,0,0,0,0,0,0,0
95,1,96,3,0,0,0,0,3,1,0,0,0,0,0,0,1,3,2,0,0,0,0,0,0,0,0
96,1,97,3,0,0,0,0,3,0,0,1,0,0,0,0,1,3,2,0,0,0,0,0,0,0,0
97,1,98,3,1,0,0,0,3,1,0,0,0,0,0,0,1,3,2,0,0,0,0,0,0,0,0
98,1,99,3,0,0,0,0,3,0,0,0,0,0,0,0,1,3,2,0,0,0,0,0,0,0,0
99,2,2,3,1,0,0,0,3,1,0,0,0,0,0,1,1,5,2,0,0,0,0,0,0,0,0
100,2,3,3,0,0,0,0,3,0,0,1,0,0,0,0,1,5,2,0,0,0,0,0,0,0,0
101,2,4,3,1,0,0,0,3,1,0,0,1,0,0,1,1,5,2,0,0,0,0,0,0,0,0
102,2,5,3,0,0,0,0,3,0,1,0,0,0,0,0,1,5,2,0,0,0,0,0,0,0,0
103,2,6,3,1,0,0,0,3,1,0,0,0,0,0,1,1,5,2,0,0,0,0,0,0,0,0
104,2,7,3,0,0,0,0,3,0,0,1,0,0,0,0,1,5,2,0,0,0,0,0,0,0,0
105,2,8,3,1,0,0,0,3,1,0,0,1,0,0,1,1,5,2,0,0,0,0,0,0,0,0
106,2,9,3,0,0,0,0,3,0,0,0,0,0,0,0,1,5,2,0,0,0,0,0,0,0,0
107,2,10,3,0,0,0,0,3,1,0,0,0,0,0,1,1,5,2,0,0,0,0,0,0,0,0
108,2,11,3,0,0,0,0,3,0,1,1,0,0,0,0,1,5,2,0,0,0,0,0,0,0,0
109,2,12,3,1,0,0,0,3,1,0,0,1,0,0,1,1,5,2,0,0,0,0,0,0,0,0
110,2,13,3,0,0,0,0,3,0,0,0,0,0,0,0,1,5,2,0,0,0,0,0,0,0,0
111,2,14,3,0,0,0,0,3,1,0,0,0,0,0,1,1,5,2,0,0,0,0,0,0,0,0
112,2,15,3,0,0,0,0,3,0,0,1,0,0,0,0,1,5,2,0,0,0,0,0,0,0,0
113,2,16,3,1,0,0,0,3,1,0,0,0,0,0,1,1,5,2,0,0,0,0,0,0,0,0
114,2,17,3,0,0,0,0,3,0,1,0,0,0,0,0,1,5,2,0,0,0,0,0,0,0,0
115,2,18,3,0,0,0,0,3,1,0,0,1,0,0,1,1,5,2,0,0,0,0,0,0,0,0
116,2,19,3,0,0,0,0,3,0,0,1,0,0,0,0,1,5,2,0,0,0,0,0,0,0,0
117,2,20,3,1,0,0,0,3,0,0,0,0,0,0,1,1,5,2,0,0,0,0,0,0,0,0
118,2,21,3,0,0,0,0,3,0,0,0,0,0,0,0,1,5,2,0,0,0,0,0,0,0,0
119,2,22,3,0,0,0,0,3,1,0,0,0,0,0,1,1,5,2,0,0,0,0,0,0,0,0
120,2,23,3,0,0,0,0,3,0,1,1,0,0,0,0,1,5,2,0,0,0,0,0,0,0,0
121,2,24,3,1,0,0,0,3,1,0,0,1,0,0,1,1,5,2,0,0,0,0,0,0,0,0
122,2,25,3,0,0,0,0,3,0,0,0,0,0,0,0,1,5,2,0,0,0,0,0,0,0,0
123,2,26,3,0,0,0,0,3,0,0,0,0,0,0,1,1,5,2,0,0,0,0,0,0,0,0
124,2,27,3,0,0,0,0,3,0,0,1,0,0,0,0,1,5,2,0,0,0,0,0,0,0,0
125,2,28,3,1,0,0,0,3,1,0,0,0,0,0,1,1,5,2,0,0,0,0,0,0,0,0
126,2,29,3,0,0,0,0,3,0,1,0,0,0,0,0,1,5,2,0,0,0,0,0,0,0,0
127,2,30,3,0,0,0,0,3,1,0,0,1,0,0,1,1,5,2,0,0,0,0,0,0,0,0
128,2,31,3,0,0,0,0,3,0,0,1,0,0,0,0,1,5,2,0,0,0,0,0,0,0,0
129,2,32,3,0,0,0,0,3,0,0,0,0,0,0,1,1,5,2,0,0,0,0,0,0,0,0
130,2,33,3,0,0,0,0,3,0,0,1,0,0,0,0,1,5,2,0,0,0,0,0,0,0,0
131,2,34,3,1,0,0,0,3,1,0,0,0,0,0,1,1,5,2,0,0,0,0,0,0,0,0
132,2,35,3,0,0,0,0,3,0,1,0,0,0,0,0,1,5,2,0,0,0,0,0,0,0,0
133,2,36,3,0,0,0,0,3,1,0,0,1,0,0,1,1,5,2,0,0,0,0,0,0,0,0
134,2,37,3,0,0,0,0,3,0,0,1,0,0,0,0,1,5,2,0,0,0,0,0,0,0,0
135,2,38,3,0,0,0,0,3,0,0,0,0,0,0,1,1,5,2,0,0,0,0,0,0,0,0
136,2,39,3,0,0,0,0,3,0,0,1,0,0,0,0,1,5,2,0,0,0,0,0,0,0,0
137,2,40,3,1,0,0,0,3,1,0,0,0,0,0,1,1,5,2,0,0,0,0,0,0,0,0
138,2,41,3,0,0,0,0,3,0,1,0,0,0,0,0,1,5,2,0,0,0,0,0,0,0,0
139,2,42,3,0,0,0,0,3,1,0,0,1,0,0,1,1,5,2,0,0,0,0,0,0,0,0
140,2,43,3,0,0,0,0,3,0,0,1,0,0,0,0,1,5,2,0,0,0,0,0,0,0,0
141,2,44,3,0,0,0,0,3,0,0,0,0,0,0,1,1,5,2,0,0,0,0,0,0,0,0
142,2,45,3,0,0,0,0,3,0,0,1,0,0,0,0,1,5,2,0,0,0,0,0,0,0,0
143,2,46,3,1,0,0,0,3,1,0,0,0,0,0,1,1,5,2,0,0,0,0,0,0,0,0
144,2,47,3,0,0,0,0,3,0,1,0,0,0,0,0,1,5,2,0,0,0,0,0,0,0,0
145,2,48,3,0,0,0,0,3,1,0,0,1,0,0,1,1,5,2,0,0,0,0,0,0,0,0
146,2,49,3,0,0,0,0,3,0,0,1,0,0,0,0,1,5,2,0,0,0,0,0,0,0,0
147,2,50,3,0,0,0,0,3,0,0,0,0,0,0,1,1,5,2,0,0,0,0,0,0,0,0
148,2,51,3,0,0,0,0,3,0,0,1,0,0,0,0,1,5,2,0,0,0,0,0,0,0,0
149,2,52,3,1,0,0,0,3,1,0,0,0,0,0,1,1,5,2,0,0,0,0,0,0,0,0
150,2,53,3,0,0,0,0,3,0,1,0,0,0,0,0,1,5,2,0,0,0,0,0,0,0,0
151,2,54,3,0,0,0,0,3,1,0,0,1,0,0,1,1,5,2,0,0,0,0,0,0,0,0
152,2,55,3,0,0,0,0,3,0,0,1,0,0,0,0,1,5,2,0,0,0,0,0,0,0,0
153,2,56,3,0,0,0,0,3,0,0,0,0,0,0,1,1,5,2,0,0,0,0,0,0,0,0
154,2,57,3,0,0,0,0,3,0,0,1,0,0,0,0,1,5,2,0,0,0,0,0,0,0,0
155,2,58,3,1,0,0,0,3,0,0,0,0,0,0,1,1,5,2,0,0,0,0,0,0,0,0
156,2,59,3,0,0,0,0,3,0,1,0,0,0,0,0,1,5,2,0,0,0,0,0,0,0,0
157,2,60,3,0,0,0,0,3,1,0,0,1,0,0,1,1,5,2,0,0,0,0,0,0,0,0
158,2,61,3,0,0,0,0,3,0,0,1,0,0,0,0,1,5,2,0,0,0,0,0,0,0,0
159,2,62,3,0,0,0,0,3,0,0,0,0,0,0,1,1,5,2,0,0,0,0,0,0,0,0
160,2,63,3,0,0,0,0,3,0,0,1,0,0,0,0,1,5,2,0,0,0,0,0,0,0,0
161,2,64,3,1,0,0,0,3,1,0,0,0,0,0,1,1,5,2,0,0,0,0,0,0,0,0
162,2,65,3,0,0,0,0,3,0,1,1,0,0,0,0,1,5,2,0,0,0,0,0,0,0,0
163,2,66,3,0,0,0,0,3,1,0,0,1,0,0,1,1,5,2,0,0,0,0,0,0,0,0
164,2,67,3,0,0,0,0,3,0,0,1,0,0,0,0,1,5,2,0,0,0,0,0,0,0,0
165,2,68,3,0,0,0,0,3,0,0,0,0,0,0,1,1,5,2,0,0,0,0,0,0,0,0
166,2,69,3,0,0,0,0,3,0,0,1,0,0,0,0,1,5,2,0,0,0,0,0,0,0,0
167,2,70,3,0,0,0,0,3,1,0,0,0,0,0,1,1,5,2,0,0,0,0,0,0,0,0
168,2,71,3,0,0,0,0,3,0,1,1,0,0,0,0,1,5,2,0,0,0,0,0,0,0,0
169,2,72,3,1,0,0,0,3,1,0,0,1,0,0,1,1,5,2,0,0,0,0,0,0,0,0
170,2,73,3,0,0,0,0,3,0,0,1,0,0,0,0,1,5,2,0,0,0,0,0,0,0,0
171,2,74,3,0,0,0,0,3,0,0,0,0,0,0,1,1,5,2,0,0,0,0,0,0,0,0
172,2,75,3,0,0,0,0,3,0,0,1,0,0,0,0,1,5,2,0,0,0,0,0,0,0,0
173,2,76,3,0,0,0,0,3,1,0,0,0,0,0,1,1,5,2,0,0,0,0,0,0,0,0
174,2,77,3,0,0,0,0,3,0,1,1,0,0,0,0,1,5,2,0,0,0,0,0,0,0,0
175,2,78,3,0,0,0,0,3,1,0,0,1,0,0,1,1,5,2,0,0,0,0,0,0,0,0
176,2,79,3,0,0,0,0,3,0,0,1,0,0,0,0,1,5,2,0,0,0,0,0,0,0,0
177,2,80,3,1,0,0,0,3,0,0,0,0,0,0,1,1,5,2,0,0,0,0,0,0,0,0
178,2,81,3,0,0,0,0,3,0,0,1,0,0,0,0,1,5,2,0,0,0,0,0,0,0,0
179,2,82,3,0,0,0,0,3,1,0,0,0,0,0,1,1,5,2,0,0,0,0,0,0,0,0
180,2,83,3,0,0,0,0,3,0,1,0,0,0,0,0,1,5,2,0,0,0,0,0,0,0,0
181,2,84,3,0,0,0,0,3,0,0,0,1,0,0,1,1,5,2,0,0,0,0,0,0,0,0
182,2,85,3,0,0,0,0,3,0,0,1,0,0,0,0,1,5,2,0,0,0,0,0,0,0,0
183,2,86,3,0,0,0,0,3,1,0,0,0,0,0,1,1,5,2,0,0,0,0,0,0,0,0
184,2,87,3,0,0,0,0,3,0,0,0,0,0,0,0,1,5,2,0,0,0,0,0,0,0,0
185,2,88,3,0,0,0,0,3,0,0,0,0,0,0,1,1,5,2,0,0,0,0,0,0,0,0
186,2,89,3,0,0,0,0,3,0,1,1,0,0,0,0,1,5,2,0,0,0,0,0,0,0,0
187,2,90,3,1,0,0,0,3,1,0,0,1,0,0,1,1,5,2,0,0,0,0,0,0,0,0
188,2,91,3,0,0,0,0,3,0,0,0,0,0,0,0,1,5,2,0,0,0,0,0,0,0,0
189,2,92,3,0,0,0,0,3,0,0,0,0,0,0,1,1,5,2,0,0,0,0,0,0,0,0
190,2,93,3,0,0,0,0,3,0,0,1,0,0,0,0,1,5,2,0,0,0,0,0,0,0,0
191,2,94,3,0,0,0,0,3,1,0,0,0,0,0,1,1,5,2,0,0,0,0,0,0,0,0
192,2,95,3,0,0,0,0,3,0,1,0,0,0,0,0,1,5,2,0,0,0,0,0,0,0,0
193,2,96,3,0,0,0,0,3,0,0,0,1,0,0,1,1,5,2,0,0,0,0,0,0,0,0
194,2,97,3,0,0,0,0,3,0,0,1,0,0,0,0,1,5,2,0,0,0,0,0,0,0,0
195,2,98,3,0,0,0,0,3,1,0,0,0,0,0,1,1,5,2,0,0,0,0,0,0,0,0
196,2,99,3,0,0,0,0,3,0,0,0,0,0,0,0,1,5,2,0,0,0,0,0,0,0,0
197,3,2,3,1,0,0,0,3,0,0,0,0,0,0,1,1,3,1,0,0,0,0,0,0,0,0
198,3,3,3,0,0,0,0,3,0,1,1,0,0,0,0,1,3,1,0,0,0,0,0,0,0,0
199,3,4,3,0,0,0,0,3,1,0,0,1,0,0,1,1,3,1,0,0,0,0,0,0,0,0
200,3,5,3,0,0,0,0,3,0,1,0,0,0,0,0,1,3,1,0,0,0,0,0,0,0,0
201,3,6,3,1,0,0,0,3,0,0,0,0,0,0,0,1,3,1,0,0,0,0,0,0,0,0
202,3,7,3,0,0,0,0,3,0,1,1,0,0,0,0,1,3,1,0,0,0,0,0,0,0,0
203,3,8,3,0,0,0,0,3,1,0,0,1,0,0,1,1,3,1,0,0,0,0,0,0,0,0
204,3,9,3,0,0,0,0,3,0,1,0,0,0,0,0,1,3,1,0,0,0,0,0,0,0,0
205,3,10,3,0,0,0,0,3,0,0,0,0,0,0,1,1,3,1,0,0,0,0,0,0,0,0
206,3,11,3,0,0,0,0,3,0,1,1,0,0,0,0,1,3,1,0,0,0,0,0,0,0,0
207,3,12,3,1,0,0,0,3,1,0,0,1,0,0,0,1,3,1,0,0,0,0,0,0,0,0
208,3,13,3,0,0,0,0,3,0,1,0,0,0,0,0,1,3,1,0,0,0,0,0,0,0,0
209,3,14,3,0,0,0,0,3,0,0,0,0,0,0,1,1,3,1,0,0,0,0,0,0,0,0
210,3,15,3,0,0,0,0,3,0,1,1,0,0,0,0,1,3,1,0,0,0,0,0,0,0,0
211,3,16,3,0,0,0,0,3,1,0,0,1,0,0,1,1,3,1,0,0,0,0,0,0,0,0
212,3,17,3,0,0,0,0,3,0,1,0,0,0,0,0,1,3,1,0,0,0,0,0,0,0,0
213,3,18,3,1,0,0,0,3,0,0,0,0,0,0,0,1,3,1,0,0,0,0,0,0,0,0
214,3,19,3,0,0,0,0,3,0,1,1,0,0,0,0,1,3,1,0,0,0,0,0,0,0,0
215,3,20,3,0,0,0,0,3,1,0,0,1,0,0,1,1,3,1,0,0,0,0,0,0,0,0
216,3,21,3,0,0,0,0,3,0,1,0,0,0,0,0,1,3,1,0,0,0,0,0,0,0,0
217,3,22,3,0,0,0,0,3,0,0,0,0,0,0,1,1,3,1,0,0,0,0,0,0,0,0
218,3,23,3,0,0,0,0,3,0,1,1,0,0,0,0,1,3,1,0,0,0,0,0,0,0,0
219,3,24,3,1,0,0,0,3,1,0,0,1,0,0,0,1,3,1,0,0,0,0,0,0,0,0
220,3,25,3,0,0,0,0,3,0,1,0,0,0,0,0,1,3,1,0,0,0,0,0,0,0,0
221,3,26,3,0,0,0,0,3,0,0,0,0,0,0,1,1,3,1,0,0,0,0,0,0,0,0
222,3,27,3,0,0,0,0,3,0,1,1,0,0,0,0,1,3,1,0,0,0,0,0,0,0,0
223,3,28,3,0,0,0,0,3,1,0,0,1,0,0,1,1,3,1,0,0,0,0,0,0,0,0
224,3,29,3,0,0,0,0,3,0,1,0,0,0,0,0,1,3,1,0,0,0,0,0,0,0,0
225,3,30,3,1,0,0,0,3,0,0,0,0,0,0,0,1,3,1,0,0,0,0,0,0,0,0
226,3,31,3,0,0,0,0,3,0,1,1,0,0,0,0,1,3,1,0,0,0,0,0,0,0,0
227,3,32,3,1,0,0,0,3,1,0,0,1,0,0,1,1,3,1,0,0,0,0,0,0,0,0
228,3,33,3,0,0,0,0,3,0,1,0,0,0,0,0,1,3,1,0,0,0,0,0,0,0,0
229,3,34,3,0,0,0,0,3,0,0,0,0,0,0,1,1,3,1,0,0,0,0,0,0,0,0
230,3,35,3,0,0,0,0,3,0,1,1,0,0,0,0,1,3,1,0,0,0,0,0,0,0,0
231,3,36,3,1,0,0,0,3,1,0,0,1,0,0,0,1,3,1,0,0,0,0,0,0,0,0
232,3,37,3,0,0,0,0,3,0,1,0,0,0,0,0,1,3,1,0,0,0,0,0,0,0,0
233,3,38,3,0,0,0,0,3,0,0,0,0,0,0,1,1,3,1,0,0,0,0,0,0,0,0
234,3,39,3,0,0,0,0,3,0,1,1,0,0,0,0,1,3,1,0,0,0,0,0,0,0,0
235,3,40,3,0,0,0,0,3,1,0,0,1,0,0,1,1,3,1,0,0,0,0,0,0,0,0
236,3,41,3,0,0,0,0,3,0,1,0,0,0,0,0,1,3,1,0,0,0,0,0,0,0,0
237,3,42,3,1,0,0,0,3,0,0,0,0,0,0,0,1,3,1,0,0,0,0,0,0,0,0
238,3,43,3,0,0,0,0,3,0,1,1,0,0,0,0,1,3,1,0,0,0,0,0,0,0,0
239,3,44,3,0,0,0,0,3,1,0,0,1,0,0,1,1,3,1,0,0,0,0,0,0,0,0
240,3,45,3,0,0,0,0,3,0,1,0,0,0,0,0,1,3,1,0,0,0,0,0,0,0,0
241,3,46,3,0,0,0,0,3,0,0,0,0,0,0,1,1,3,1,0,0,0,0,0,0,0,0
242,3,47,3,0,0,0,0,3,0,1,1,0,0,0,0,1,3,1,0,0,0,0,0,0,0,0
243,3,48,3,1,0,0,0,3,1,0,0,1,0,0,0,1,3,1,0,0,0,0,0,0,0,0
244,3,49,3,0,0,0,0,3,0,1,0,0,0,0,0,1,3,1,0,0,0,0,0,0,0,0
245,3,50,3,0,0,0,0,3,0,0,0,0,0,0,1,1,3,1,0,0,0,0,0,0,0,0
246,3,51,3,0,0,0,0,3,0,1,1,0,0,0,0,1,3,1,0,0,0,0,0,0,0,0
247,3,52,3,0,0,0,0,3,1,0,0,1,0,0,1,1,3,1,0,0,0,0,0,0,0,0
248,3,53,3,0,0,0,0,3,0,1,0,0,0,0,0,1,3,1,0,0,0,0,0,0,0,0
249,3,54,3,1,0,0,0,3,0,0,0,0,0,0,0,1,3,1,0,0,0,0,0,0,0,0
250,3,55,3,0,0,0,0,3,0,1,1,0,0,0,0,1,3,1,0,0,0,0,0,0,0,0
251,3,56,3,0,0,0,0,3,1,0,0,1,0,0,1,1,3,1,0,0,0,0,0,0,0,0
252,3,57,3,0,0,0,0,3,0,1,0,0,0,0,0,1,3,1,0,0,0,0,0,0,0,0
253,3,58,3,0,0,0,0,3,0,0,0,0,0,0,1,1,3,1,0,0,0,0,0,0,0,0
254,3,59,3,0,0,0,0,3,0,1,1,0,0,0,0,1,3,1,0,0,0,0,0,0,0,0
255,3,60,3,1,0,0,0,3,1,0,0,1,0,0,0,1,3,1,0,0,0,0,0,0,0,0
256,3,61,3,0,0,0,0,3,0,1,0,0,0,0,0,1,3,1,0,0,0,0,0,0,0,0
257,3,62,3,1,0,0,0,3,0,0,0,0,0,0,1,1,3,1,0,0,0,0,0,0,0,0
258,3,63,3,0,0,0,0,3,0,1,1,0,0,0,0,1,3,1,0,0,0,0,0,0,0,0
259,3,64,3,0,0,0,0,3,1,0,0,1,0,0,1,1,3,1,0,0,0,0,0,0,0,0
260,3,65,3,0,0,0,0,3,0,1,0,0,0,0,0,1,3,1,0,0,0,0,0,0,0,0
261,3,66,3,1,0,0,0,3,0,0,0,0,0,0,0,1,3,1,0,0,0,0,0,0,0,0
262,3,67,3,0,0,0,0,3,0,1,1,0,0,0,0,1,3,1,0,0,0,0,0,0,0,0
263,3,68,3,0,0,0,0,3,1,0,0,1,0,0,1,1,3,1,0,0,0,0,0,0,0,0
264,3,69,3,0,0,0,0,3,0,1,0,0,0,0,0,1,3,1,0,0,0,0,0,0,0,0
265,3,70,3,0,0,0,0,3,0,0,0,0,0,0,1,1,3,1,0,0,0,0,0,0,0,0
266,3,71,3,0,0,0,0,3,0,1,1,0,0,0,0,1,3,1,0,0,0,0,0,0,0,0
267,3,72,3,1,0,0,0,3,1,0,0,1,0,0,0,1,3,1,0,0,0,0,0,0,0,0
268,3,73,3,0,0,0,0,3,0,1,0,0,0,0,0,1,3,1,0,0,0,0,0,0,0,0
269,3,74,3,0,0,0,0,3,0,0,0,0,0,0,1,1,3,1,0,0,0,0,0,0,0,0
270,3,75,3,0,0,0,0,3,0,1,1,0,0,0,0,1,3,1,0,0,0,0,0,0,0,0
271,3,76,3,0,0,0,0,3,1,0,0,1,0,0,1,1,3,1,0,0,0,0,0,0,0,0
272,3,77,3,0,0,0,0,3,0,1,0,0,0,0,0,1,3,1,0,0,0,0,0,0,0,0
273,3,78,3,1,0,0,0,3,0,0,0,0,0,0,0,1,3,1,0,0,0,0,0,0,0,0
274,3,79,3,0,0,0,0,3,0,1,1,0,0,0,0,1,3,1,0,0,0,0,0,0,0,0
275,3,80,3,0,0,0,0,3,1,0,0,1,0,0,1,1,3,1,0,0,0,0,0,0,0,0
276,3,81,3,0,0,0,0,3,0,1,0,0,0,0,0,1,3,1,0,0,0,0,0,0,0,0
277,3,82,3,0,0,0,0,3,0,0,0,0,0,0,1,1,3,1,0,0,0,0,0,0,0,0
278,3,83,3,0,0,0,0,3,0,1,1,0,0,0,0,1,3,1,0,0,0,0,0,0,0,0
279,3,84,3,1,0,0,0,3,1,0,0,1,0,0,0,1,3,1,0,0,0,0,0,0,0,0
280,3,85,3,0,0,0,0,3,0,1,0,0,0,0,0,1,3,1,0,0,0,0,0,0,0,0
281,3,86,3,0,0,0,0,3,0,0,0,0,0,0,0,1,3,1,0,0,0,0,0,0,0,0
282,3,87,3,0,0,0,0,3,0,1,1,0,0,0,0,1,3,1,0,0,0,0,0,0,0,0
283,3,88,3,0,0,0,0,3,1,0,0,1,0,0,1,1,3,1,0,0,0,0,0,0,0,0
284,3,89,3,0,0,0,0,3,0,1,0,0,0,0,0,1,3,1,0,0,0,0,0,0,0,0
285,3,90,3,1,0,0,0,3,0,0,0,0,0,0,0,1,3,1,0,0,0,0,0,0,0,0
286,3,91,3,0,0,0,0,3,0,1,1,0,0,0,0,1,3,1,0,0,0,0,0,0,0,0
287,3,92,3,1,0,0,0,3,1,0,0,1,0,0,0,1,3,1,0,0,0,0,0,0,0,0
288,3,93,3,0,0,0,0,3,0,1,0,0,0,0,0,1,3,1,0,0,0,0,0,0,0,0
289,3,94,3,0,0,0,0,3,0,0,0,0,0,0,1,1,3,1,0,0,0,0,0,0,0,0
290,3,95,3,0,0,0,0,3,0,1,1,0,0,0,0,1,3,1,0,0,0,0,0,0,0,0
291,3,96,3,1,0,0,0,3,1,0,0,1,0,0,0,1,3,1,0,0,0,0,0,0,0,0
292,3,97,3,0,0,0,0,3,0,1,0,0,0,0,0,1,3,1,0,0,0,0,0,0,0,0
293,3,98,3,0,0,0,0,3,0,0,0,0,0,0,0,1,3,1,0,0,0,0,0,0,0,0
294,3,99,3,0,0,0,0,3,0,1,1,0,0,0,0,1,3,1,0,0,0,0,0,0,0,0
295,4,2,3,0,0,0,0,3,1,0,0,0,0,0,0,1,3,3,1,1,0,0,0,0,0,0
296,4,3,3,0,0,0,0,3,0,0,1,0,0,0,0,1,3,3,1,2,0,0,0,0,0,0
297,4,4,3,0,0,0,0,3,1,1,0,0,0,0,1,1,3,3,2,2,0,0,0,0,0,0
298,4,5,3,0,0,0,0,3,0,0,0,1,0,0,0,1,3,3,2,3,0,0,0,0,0,0
299,4,6,3,1,0,0,0,3,1,1,0,0,0,0,0,1,3,3,2,3,1,0,0,0,0,0
300,4,7,3,0,0,0,0,3,0,0,0,1,0,0,0,1,3,3,3,3,2,0,0,0,0,0
301,4,8,3,0,0,0,0,3,1,0,0,0,0,0,1,1,3,3,3,4,2,0,0,0,0,0
302,4,9,3,0,0,0,0,3,0,0,1,0,0,0,0,1,3,3,3,4,3,0,0,0,0,0
303,4,10,3,0,0,0,0,3,0,0,0,0,0,0,0,1,3,3,4,4,3,1,0,0,0,0
304,4,11,3,0,0,0,0,3,0,1,0,1,0,0,0,1,3,3,4,4,3,2,0,0,0,0
305,4,12,3,1,0,0,0,3,1,0,1,0,0,0,1,1,3,3,4,4,4,2,0,0,0,0
306,4,13,3,0,0,0,0,3,0,1,0,0,0,0,0,1,3,3,4,5,4,3,0,0,0,0
307,4,14,3,0,0,0,0,3,1,0,0,0,0,0,0,1,3,3,5,5,4,3,0,0,0,0
308,4,15,3,0,0,0,0,3,0,1,0,1,0,0,0,1,3,3,5,5,4,3,1,0,0,0
309,4,16,3,1,0,0,0,3,1,0,0,0,0,0,1,1,3,3,5,5,5,4,2,0,0,0
310,4,17,3,0,0,0,0,3,0,1,0,0,0,0,0,1,3,3,5,6,5,4,2,0,0,0
311,4,18,3,0,0,0,0,3,0,0,1,0,0,0,0,1,3,3,5,6,5,4,3,0,0,0
312,4,19,3,0,0,0,0,3,0,0,0,1,0,0,0,1,3,3,5,6,5,5,3,0,0,0
313,4,20,3,1,0,0,0,3,1,0,0,0,0,0,1,1,3,3,5,6,6,5,3,1,0,0
314,4,21,3,0,0,0,0,3,0,1,1,0,0,0,0,1,3,3,5,6,6,5,4,2,0,0
315,4,22,3,0,0,0,0,3,1,0,0,0,0,0,0,1,3,3,6,6,6,5,4,2,0,0
316,4,23,3,0,0,0,0,3,0,1,0,1,0,0,0,1,3,3,6,6,6,5,4,3,0,0
317,4,24,3,1,0,0,0,3,0,0,0,0,0,0,1,1,3,3,6,7,6,6,4,3,0,0
318,4,25,3,0,0,0,0,3,0,0,0,0,0,0,0,1,3,3,6,7,6,6,5,3,0,0
319,4,26,3,0,0,0,0,3,0,1,0,0,0,0,1,1,3,3,6,7,6,6,5,4,1,0
320,4,27,3,0,0,0,0,3,0,0,1,1,0,0,0,1,3,3,6,7,7,6,5,4,2,0
321,4,28,3,0,0,0,0,3,1,0,0,0,0,0,0,1,3,3,6,8,7,6,5,4,2,0
322,4,29,3,0,0,0,0,3,0,0,0,0,0,0,0,1,3,3,6,8,7,6,5,5,3,0
323,4,30,3,0,0,0,0,3,0,0,0,1,0,0,1,1,3,3,6,8,7,7,6,5,3,0
324,4,31,3,1,0,0,0,3,0,0,0,0,0,0,0,1,3,3,6,8,7,7,6,5,3,0
325,4,32,3,0,0,0,0,3,1,1,0,0,0,0,1,1,3,3,6,8,8,7,6,5,4,0
326,4,33,3,0,0,0,0,3,0,0,1,1,0,0,0,1,3,3,6,8,8,7,6,6,4,0
327,4,34,3,0,0,0,0,3,0,0,0,0,0,0,0,1,3,3,6,8,8,7,6,6,4,0
328,4,35,3,0,0,0,0,3,0,1,0,0,0,0,1,1,3,3,7,8,8,7,7,6,5,0
329,4,36,3,0,0,0,0,3,1,0,1,0,0,0,0,1,3,3,7,8,8,7,7,6,5,0
330,4,37,3,1,0,0,0,3,0,0,0,1,0,0,0,1,3,3,7,8,8,8,7,6,5,0
331,4,38,3,0,0,0,0,3,1,1,0,0,0,0,1,1,3,3,7,8,8,8,7,6,6,0
332,4,39,3,0,0,0,0,3,0,0,0,1,0,0,0,1,3,3,7,8,8,8,7,6,6,0
333,4,40,3,0,0,0,0,3,0,0,0,0,0,0,0,1,3,3,7,8,8,8,7,7,6,0
334,4,41,3,0,0,0,0,3,0,1,0,0,0,0,1,1,3,3,7,9,8,8,7,7,6,0
335,4,42,3,1,0,0,0,3,1,0,1,0,0,0,0,1,3,3,7,9,8,8,8,7,6,0
336,4,43,3,0,0,0,0,3,0,0,0,1,0,0,0,1,3,3,7,9,8,8,8,7,6,0
337,4,44,3,0,0,0,0,3,0,0,0,0,0,0,1,1,3,3,7,9,8,8,8,7,7,0
338,4,45,3,0,0,0,0,3,0,0,1,0,0,0,0,1,3,3,7,9,9,8,8,7,7,0
339,4,46,3,0,0,0,0,3,0,0,0,0,0,0,0,1,3,3,7,9,9,8,8,8,7,0
340,4,47,3,1,0,0,0,3,0,1,0,1,0,0,0,1,3,3,7,9,9,8,8,8,7,0
341,4,48,3,0,0,0,0,3,1,0,1,0,0,0,1,1,3,3,7,9,9,9,8,8,7,0
342,4,49,3,0,0,0,0,3,0,0,0,0,0,0,0,1,3,3,7,9,9,9,8,8,8,0
343,4,50,3,0,0,0,0,3,0,1,0,0,0,0,1,1,3,3,7,9,9,9,9,8,8,0
344,4,51,3,0,0,0,0,3,1,0,0,0,0,0,0,1,3,3,7,9,9,9,9,8,8,0
345,4,52,3,1,0,0,0,3,0,0,0,0,0,0,0,1,3,3,7,9,9,9,9,8,8,0
346,4,53,3,0,0,0,0,3,0,0,1,1,0,0,0,1,3,3,7,9,9,9,9,8,8,0
347,4,54,3,0,0,0,0,3,1,1,0,0,0,0,0,1,3,3,7,9,9,9,9,8,8,0
348,4,55,3,0,0,0,0,3,0,0,0,0,0,0,0,1,3,3,7,9,9,9,9,8,8,0
349,4,56,3,0,0,0,0,3,0,0,0,0,0,0,1,1,3,3,7,9,9,9,9,8,8,0
350,4,57,3,0,0,0,0,3,0,0,0,0,0,0,0,1,3,3,7,9,9,9,9,8,8,0
351,4,58,3,0,0,0,0,3,1,1,1,1,0,0,0,1,3,3,7,9,9,9,9,8,8,0
352,4,59,3,1,0,0,0,3,0,0,0,0,0,0,0,1,3,3,7,9,9,9,9,8,8,0
353,4,60,3,0,0,0,0,3,0,0,0,0,0,0,0,1,3,3,7,9,9,9,9,8,8,0
354,4,61,3,0,0,0,0,3,0,0,0,0,0,0,1,1,3,3,7,9,9,9,9,8,8,0
355,4,62,3,0,0,0,0,3,0,0,0,1,0,0,0,1,3,3,7,9,9,9,9,8,8,0
356,4,63,3,0,0,0,0,3,0,1,0,0,0,0,0,1,3,3,7,9,9,9,9,8,8,0
357,4,64,3,1,0,0,0,3,1,0,1,0,0,0,0,1,3,3,7,9,9,9,9,8,8,0
358,4,65,3,0,0,0,0,3,0,0,0,0,0,0,0,1,3,3,7,9,9,9,9,8,8,0
359,4,66,3,0,0,0,0,3,0,0,0,1,0,0,0,1,3,3,7,9,9,9,9,8,8,0
360,4,67,3,0,0,0,0,3,1,0,0,0,0,0,1,1,3,3,7,9,9,9,9,8,8,0
361,4,68,3,0,0,0,0,3,0,0,0,0,0,0,0,1,3,3,7,9,9,9,9,8,8,0
362,4,69,3,0,0,0,0,3,0,0,0,1,0,0,0,1,3,3,7,9,9,9,9,8,8,0
363,4,70,3,0,0,0,0,3,0,0,0,0,0,0,0,1,3,3,7,9,9,9,9,8,8,0
364,4,71,3,0,0,0,0,3,1,0,0,0,0,0,0,1,3,3,7,9,9,9,9,8,8,0
365,4,72,3,0,0,0,0,3,0,1,0,0,0,0,0,1,3,3,7,9,9,9,9,8,8,0
366,4,73,3,1,0,0,0,3,0,0,1,0,0,0,1,1,3,3,7,9,9,9,9,8,8,0
367,4,74,3,0,0,0,0,3,0,0,0,0,0,0,0,1,3,3,7,9,9,9,9,8,8,0
368,4,75,3,0,0,0,0,3,0,0,0,1,0,0,0,1,3,3,7,9,9,9,9,8,8,0
369,4,76,3,0,0,0,0,3,0,0,0,0,0,0,0,1,3,3,7,9,9,9,9,8,8,0
370,4,77,3,0,0,0,0,3,1,0,0,0,0,0,0,1,3,3,7,9,9,9,9,8,8,0
371,4,78,3,0,0,0,0,3,0,0,0,0,0,0,1,1,3,3,7,9,9,9,9,8,8,0
372,4,79,3,0,0,0,0,3,0,0,0,1,0,0,0,1,3,3,7,9,9,9,9,8,8,0
373,4,80,3,0,0,0,0,3,0,0,0,0,0,0,0,1,3,3,7,9,9,9,9,8,8,0
374,4,81,3,0,0,0,0,3,0,0,1,0,0,0,0,1,3,3,7,9,9,9,9,8,8,0
375,4,82,3,0,0,0,0,3,0,0,0,0,0,0,0,1,3,3,7,9,9,9,9,8,8,0
376,4,83,3,0,0,0,0,3,1,0,0,1,0,0,1,1,3,3,7,9,9,9,9,8,8,0
377,4,84,3,0,0,0,0,3,0,0,0,0,0,0,0,1,3,3,7,9,9,9,9,8,8,0
378,4,85,3,0,0,0,0,3,0,0,0,0,0,0,0,1,3,3,7,9,9,9,9,8,8,0
379,4,86,3,0,0,0,0,3,0,0,0,0,0,0,1,1,3,3,7,9,9,9,9,8,8,0
380,4,87,3,0,0,0,0,3,0,0,0,1,0,0,0,1,3,3,7,9,9,9,9,8,8,0
381,4,88,3,0,0,0,0,3,1,0,0,0,0,0,0,1,3,3,7,9,9,9,9,8,8,0
382,4,89,3,0,0,0,0,3,0,0,0,0,0,0,0,1,3,3,7,9,9,9,9,8,8,0
383,4,90,3,0,0,0,0,3,0,0,0,0,0,0,1,1,3,3,7,9,9,9,9,8,8,0
384,4,91,3,0,0,0,0,3,0,0,0,0,0,0,0,1,3,3,7,9,9,9,9,8,8,0
385,4,92,3,0,0,0,0,3,0,0,0,1,0,0,0,1,3,3,7,9,9,9,9,8,8,0
386,4,93,3,0,0,0,0,3,0,0,1,0,0,0,0,1,3,3,7,9,9,9,9,8,8,0
387,4,94,3,0,0,0,0,3,0,1,0,0,0,0,0,1,3,3,7,9,9,9,9,8,8,0
388,4,95,3,0,0,0,0,3,1,0,0,0,0,0,1,1,3,3,7,9,9,9,9,8,8,0
389,4,96,3,0,0,0,0,3,0,0,0,0,0,0,0,1,3,3,7,9,9,9,9,8,8,0
390,4,97,3,0,0,0,0,3,0,0,0,1,0,0,0,1,3,3,7,9,9,9,9,8,8,0
391,4,98,3,0,0,0,0,3,0,0,0,0,0,0,1,1,3,3,7,9,9,9,9,8,8,0
392,4,99,3,0,0,0,0,3,0,1,0,0,0,0,0,1,3,3,7,9,9,9,9,8,8,0
393,5,2,3,1,0,0,0,3,0,0,0,1,0,0,0,1,1,4,1,1,0,0,0,0,0,0
394,5,3,3,0,0,0,0,3,0,1,0,0,0,0,0,1,1,4,1,2,0,0,0,0,0,0
395,5,4,3,0,0,0,0,3,1,0,0,0,0,0,1,1,1,4,2,2,0,0,0,0,0,0
396,5,5,3,0,0,0,0,3,0,0,1,0,0,0,0,1,1,4,2,3,1,0,0,0,0,0
397,5,6,3,1,0,0,0,3,0,0,0,0,0,0,0,1,1,4,2,3,2,0,0,0,0,0
398,5,7,3,0,0,0,0,3,1,1,0,0,0,0,0,1,1,4,3,3,2,0,0,0,0,0
399,5,8,3,1,0,0,0,3,0,0,0,1,0,0,1,1,1,4,3,3,3,1,0,0,0,0
400,5,9,3,0,0,0,0,3,0,0,0,0,0,0,0,1,1,4,3,4,3,2,0,0,0,0
401,5,10,3,0,0,0,0,3,0,0,0,0,0,0,0,1,1,4,4,4,3,2,0,0,0,0
402,5,11,3,0,0,0,0,3,0,1,1,1,0,0,0,1,1,4,4,4,4,3,0,0,0,0
403,5,12,3,1,0,0,0,3,0,0,0,0,0,0,1,1,1,4,4,4,4,3,1,0,0,0
404,5,13,3,0,0,0,0,3,1,0,0,1,0,0,0,1,1,4,4,5,4,3,2,0,0,0
405,5,14,3,1,0,0,0,3,0,0,0,0,0,0,0,1,1,4,5,5,4,4,2,0,0,0
406,5,15,3,0,0,0,0,3,0,1,0,0,0,0,0,1,1,4,5,5,5,4,3,0,0,0
407,5,16,3,0,0,0,0,3,0,0,0,0,0,0,1,1,1,4,5,5,5,4,3,1,0,0
408,5,17,3,1,0,0,0,3,0,0,1,0,0,0,0,1,1,4,5,6,5,4,3,2,0,0
409,5,18,3,0,0,0,0,3,0,0,0,1,0,0,0,1,1,4,5,6,5,5,4,2,0,0
410,5,19,3,0,0,0,0,3,1,1,0,0,0,0,0,1,1,4,6,6,5,5,4,3,0,0
411,5,20,3,1,0,0,0,3,0,0,0,0,0,0,1,1,1,4,6,6,6,5,4,3,1,0
412,5,21,3,0,0,0,0,3,0,0,0,0,0,0,0,1,1,4,6,6,6,5,4,3,2,0
413,5,22,3,1,0,0,0,3,0,0,0,1,0,0,0,1,1,4,6,6,6,5,5,4,2,0
414,5,23,3,0,0,0,0,3,0,0,1,0,0,0,1,1,1,4,6,6,6,6,5,4,3,0
415,5,24,3,1,0,0,0,3,0,1,0,1,0,0,0,1,1,4,7,7,6,6,5,4,3,0
416,5,25,3,0,0,0,0,3,1,0,0,0,0,0,0,1,1,4,7,7,6,6,5,5,3,1
417,5,26,3,1,0,0,0,3,0,0,0,0,0,0,1,1,1,4,7,7,6,6,5,5,4,2
418,5,27,3,0,0,0,0,3,0,1,0,0,0,0,0,1,1,4,7,7,7,6,6,5,4,2
419,5,28,3,1,0,0,0,3,0,0,0,1,0,0,0,1,1,4,7,8,7,6,6,5,4,3
420,5,29,3,0,0,0,0,3,0,0,1,0,0,0,0,1,1,4,7,8,7,7,6,5,5,3
421,5,30,3,0,0,0,0,3,0,0,0,0,0,0,0,1,1,4,7,8,7,7,6,6,5,4
422,5,31,3,0,0,0,0,3,1,0,0,0,0,0,0,1,1,4,7,8,8,7,6,6,5,4
423,5,32,3,1,0,0,0,3,0,0,0,1,0,0,1,1,1,4,7,8,8,7,7,6,5,4
424,5,33,3,0,0,0,0,3,0,1,0,0,0,0,0,1,1,4,7,8,8,7,7,6,5,5
425,5,34,3,0,0,0,0,3,0,0,0,1,0,0,0,1,1,4,7,8,8,7,7,6,6,5
426,5,35,3,0,0,0,0,3,0,0,1,0,0,0,0,1,1,4,7,8,8,8,7,6,6,5
427,5,36,3,0,0,0,0,3,0,1,0,0,0,0,0,1,1,4,7,8,8,8,7,7,6,5
428,5,37,3,1,0,0,0,3,1,0,0,0,0,0,0,1,1,4,7,8,8,8,7,7,6,6
429,5,38,3,0,0,0,0,3,0,0,0,1,0,0,1,1,1,4,7,9,8,8,7,7,6,6
430,5,39,3,0,0,0,0,3,0,0,0,0,0,0,0,1,1,4,7,9,8,8,7,7,7,6
431,5,40,3,0,0,0,0,3,0,0,0,1,0,0,0,1,1,4,7,9,8,8,8,7,7,6
432,5,41,3,0,0,0,0,3,0,0,1,0,0,0,0,1,1,4,7,9,8,8,8,7,7,7
433,5,42,3,1,0,0,0,3,0,1,0,1,0,0,0,1,1,4,7,9,8,8,8,8,7,7
434,5,43,3,0,0,0,0,3,1,0,0,1,0,0,0,1,1,4,7,9,9,8,8,8,7,7
435,5,44,3,0,0,0,0,3,0,0,0,0,0,0,1,1,1,4,7,9,9,8,8,8,8,7
436,5,45,3,0,0,0,0,3,0,0,0,1,0,0,0,1,1,4,7,9,9,8,8,8,8,8
437,5,46,3,0,0,0,0,3,0,0,0,0,0,0,0,1,1,4,7,9,9,9,8,8,8,8
438,5,47,3,1,0,0,0,3,0,0,1,1,0,0,0,1,1,4,7,9,9,9,9,8,8,8
439,5,48,3,0,0,0,0,3,0,1,0,0,0,0,0,1,1,4,7,9,9,9,9,9,8,8
440,5,49,3,0,0,0,0,3,1,0,0,1,0,0,0,1,1,4,7,9,9,9,9,9,9,8
441,5,50,3,0,0,0,0,3,0,0,0,0,0,0,1,1,1,4,7,9,9,9,9,9,9,9
442,5,51,3,0,0,0,0,3,0,0,0,0,0,0,0,1,1,4,7,9,9,9,9,9,9,9
443,5,52,3,0,0,0,0,3,0,0,0,1,0,0,0,1,1,4,7,9,9,9,9,9,9,9
444,5,53,3,0,0,0,0,3,0,1,1,0,0,0,0,1,1,4,7,9,9,9,9,9,9,9
445,5,54,3,0,0,0,0,3,0,0,0,0,0,0,0,1,1,4,7,9,9,9,9,9,9,9
446,5,55,3,0,0,0,0,3,1,0,0,0,0,0,1,1,1,4,7,9,9,9,9,9,9,9
447,5,56,3,0,0,0,0,3,0,0,0,1,0,0,0,1,1,4,7,9,9,9,9,9,9,9
448,5,57,3,0,0,0,0,3,0,0,1,0,0,0,0,1,1,4,7,9,9,9,9,9,9,9
449,5,58,3,0,0,0,0,3,0,0,0,0,0,0,0,1,1,4,7,9,9,9,9,9,9,9
450,5,59,3,0,0,0,0,3,1,1,0,0,0,0,0,1,1,4,7,9,9,9,9,9,9,9
451,5,60,3,0,0,0,0,3,0,0,0,0,0,0,1,1,1,4,7,9,9,9,9,9,9,9
452,5,61,3,0,0,0,0,3,0,0,1,1,0,0,0,1,1,4,7,9,9,9,9,9,9,9
453,5,62,3,0,0,0,0,3,0,0,0,0,0,0,0,1,1,4,7,9,9,9,9,9,9,9
454,5,63,3,0,0,0,0,3,1,1,0,0,0,0,0,1,1,4,7,9,9,9,9,9,9,9
455,5,64,3,0,0,0,0,3,0,0,0,0,0,0,0,1,1,4,7,9,9,9,9,9,9,9
456,5,65,3,0,0,0,0,3,0,0,1,1,0,0,1,1,1,4,7,9,9,9,9,9,9,9
457,5,66,3,0,0,0,0,3,0,0,0,0,0,0,0,1,1,4,7,9,9,9,9,9,9,9
458,5,67,3,0,0,0,0,3,1,0,0,1,0,0,0,1,1,4,7,9,9,9,9,9,9,9
459,5,68,3,0,0,0,0,3,0,1,1,0,0,0,0,1,1,4,7,9,9,9,9,9,9,9
460,5,69,3,0,0,0,0,3,0,0,0,1,0,0,0,1,1,4,7,9,9,9,9,9,9,9
461,5,70,3,0,0,0,0,3,1,0,0,0,0,0,0,1,1,4,7,9,9,9,9,9,9,9
462,5,71,3,0,0,0,0,3,0,0,0,1,0,0,1,1,1,4,7,9,9,9,9,9,9,9
463,5,72,3,0,0,0,0,3,0,0,1,0,0,0,0,1,1,4,7,9,9,9,9,9,9,9
464,5,73,3,0,0,0,0,3,0,1,0,1,0,0,0,1,1,4,7,9,9,9,9,9,9,9
465,5,74,3,0,0,0,0,3,1,0,0,0,0,0,0,1,1,4,7,9,9,9,9,9,9,9
466,5,75,3,0,0,0,0,3,0,0,0,0,0,0,1,1,1,4,7,9,9,9,9,9,9,9
467,5,76,3,0,0,0,0,3,0,0,0,1,0,0,0,1,1,4,7,9,9,9,9,9,9,9
468,5,77,3,0,0,0,0,3,0,1,1,0,0,0,0,1,1,4,7,9,9,9,9,9,9,9
469,5,78,3,0,0,0,0,3,1,0,0,0,0,0,0,1,1,4,7,9,9,9,9,9,9,9
470,5,79,3,0,0,0,0,3,0,0,0,1,0,0,0,1,1,4,7,9,9,9,9,9,9,9
471,5,80,3,0,0,0,0,3,0,0,0,0,0,0,1,1,1,4,7,9,9,9,9,9,9,9
472,5,81,3,0,0,0,0,3,0,0,0,0,0,0,0,1,1,4,7,9,9,9,9,9,9,9
473,5,82,3,0,0,0,0,3,1,0,1,1,0,0,0,1,1,4,7,9,9,9,9,9,9,9
474,5,83,3,0,0,0,0,3,0,0,0,0,0,0,0,1,1,4,7,9,9,9,9,9,9,9
475,5,84,3,0,0,0,0,3,0,0,0,0,0,0,0,1,1,4,7,9,9,9,9,9,9,9
476,5,85,3,0,0,0,0,3,0,0,0,1,0,0,1,1,1,4,7,9,9,9,9,9,9,9
477,5,86,3,0,0,0,0,3,1,0,0,0,0,0,0,1,1,4,7,9,9,9,9,9,9,9
478,5,87,3,0,0,0,0,3,0,1,0,0,0,0,0,1,1,4,7,9,9,9,9,9,9,9
479,5,88,3,0,0,0,0,3,0,0,0,1,0,0,0,1,1,4,7,9,9,9,9,9,9,9
480,5,89,3,0,0,0,0,3,0,0,1,0,0,0,0,1,1,4,7,9,9,9,9,9,9,9
481,5,90,3,0,0,0,0,3,0,0,0,0,0,0,0,1,1,4,7,9,9,9,9,9,9,9
482,5,91,3,0,0,0,0,3,0,0,0,1,0,0,1,1,1,4,7,9,9,9,9,9,9,9
483,5,92,3,0,0,0,0,3,0,0,0,0,0,0,0,1,1,4,7,9,9,9,9,9,9,9
484,5,93,3,0,0,0,0,3,0,0,0,0,0,0,0,1,1,4,7,9,9,9,9,9,9,9
485,5,94,3,0,0,0,0,3,0,1,0,1,0,0,0,1,1,4,7,9,9,9,9,9,9,9
486,5,95,3,0,0,0,0,3,0,0,0,0,0,0,0,1,1,4,7,9,9,9,9,9,9,9
487,5,96,3,0,0,0,0,3,0,0,0,0,0,0,1,1,1,4,7,9,9,9,9,9,9,9
488,5,97,3,0,0,0,0,3,0,0,0,0,0,0,0,1,1,4,7,9,9,9,9,9,9,9
489,5,98,3,0,0,0,0,3,0,0,0,1,0,0,0,1,1,4,7,9,9,9,9,9,9,9
490,5,99,3,0,0,0,0,3,0,0,0,0,0,0,0,1,1,4,7,9,9,9,9,9,9,9
491,6,2,3,0,0,0,0,3,0,0,0,1,0,0,0,1,2,4,1,1,0,0,0,0,0,0
492,6,3,3,0,0,0,0,3,0,0,0,0,0,0,0,1,2,4,1,2,0,0,0,0,0,0
493,6,4,3,1,0,0,0,3,0,0,0,1,0,0,0,1,2,4,2,2,0,0,0,0,0,0
494,6,5,3,0,0,0,0,3,0,0,0,0,0,0,0,1,2,4,2,3,1,0,0,0,0,0
495,6,6,3,0,0,0,0,3,0,0,1,1,0,0,1,1,2,4,2,3,2,0,0,0,0,0
496,6,7,3,0,0,0,0,3,0,1,0,0,0,0,0,1,2,4,3,3,2,0,0,0,0,0
497,6,8,3,1,0,0,0,3,0,0,0,1,0,0,0,1,2,4,3,3,3,1,0,0,0,0
498,6,9,3,0,0,0,0,3,0,0,0,0,0,0,0,1,2,4,3,4,3,2,0,0,0,0
499,6,10,3,0,0,0,0,3,1,0,0,1,0,0,1,1,2,4,4,4,3,2,0,0,0,0
500,6,11,3,0,0,0,0,3,0,0,0,0,0,0,0,1,2,4,4,4,4,3,0,0,0,0
501,6,12,3,0,0,0,0,3,0,1,1,1,0,0,0,1,2,4,4,4,4,3,1,0,0,0
502,6,13,3,0,0,0,0,3,0,0,0,0,0,0,0,1,2,4,4,5,4,3,2,0,0,0
503,6,14,3,1,0,0,0,3,0,0,0,1,0,0,0,1,2,4,5,5,4,4,2,0,0,0
504,6,15,3,0,0,0,0,3,0,0,0,0,0,0,0,1,2,4,5,5,5,4,3,0,0,0
505,6,16,3,0,0,0,0,3,0,1,0,1,0,0,0,1,2,4,5,5,5,4,3,1,0,0
506,6,17,3,0,0,0,0,3,0,0,0,0,0,0,0,1,2,4,5,6,5,4,3,2,0,0
507,6,18,3,1,0,0,0,3,0,0,1,1,0,0,1,1,2,4,5,6,5,5,4,2,0,0
508,6,19,3,0,0,0,0,3,1,0,0,0,0,0,0,1,2,4,6,6,5,5,4,3,0,0
509,6,20,3,0,0,0,0,3,0,0,0,1,0,0,0,1,2,4,6,6,6,5,4,3,1,0
510,6,21,3,0,0,0,0,3,0,0,0,0,0,0,0,1,2,4,6,6,6,5,4,3,2,0
511,6,22,3,0,0,0,0,3,0,0,0,1,0,0,1,1,2,4,6,6,6,5,5,4,2,0
512,6,23,3,0,0,0,0,3,0,0,0,0,0,0,0,1,2,4,6,6,6,6,5,4,3,0
513,6,24,3,0,0,0,0,3,0,1,1,1,0,0,0,1,2,4,7,7,6,6,5,4,3,0
514,6,25,3,0,0,0,0,3,1,0,0,0,0,0,0,1,2,4,7,7,6,6,5,5,3,1
515,6,26,3,1,0,0,0,3,0,0,0,1,0,0,0,1,2,4,7,7,6,6,5,5,4,2
516,6,27,3,0,0,0,0,3,0,0,0,0,0,0,0,1,2,4,7,7,7,6,6,5,4,2
517,6,28,3,0,0,0,0,3,0,0,0,1,0,0,0,1,2,4,7,8,7,6,6,5,4,3
518,6,29,3,0,0,0,0,3,0,0,0,0,0,0,0,1,2,4,7,8,7,7,6,5,5,3
519,6,30,3,0,0,0,0,3,0,0,1,1,0,0,1,1,2,4,7,8,7,7,6,6,5,4
520,6,31,3,0,0,0,0,3,1,0,0,0,0,0,0,1,2,4,7,8,8,7,6,6,5,4
521,6,32,3,0,0,0,0,3,0,1,0,1,0,0,0,1,2,4,7,8,8,7,7,6,5,4
522,6,33,3,0,0,0,0,3,0,0,0,0,0,0,0,1,2,4,7,8,8,7,7,6,5,5
523,6,34,3,0,0,0,0,3,0,0,0,1,0,0,1,1,2,4,7,8,8,7,7,6,6,5
524,6,35,3,1,0,0,0,3,0,0,0,0,0,0,0,1,2,4,7,8,8,8,7,6,6,5
525,6,36,3,0,0,0,0,3,0,1,1,1,0,0,0,1,2,4,7,8,8,8,7,7,6,5
526,6,37,3,0,0,0,0,3,1,0,0,0,0,0,0,1,2,4,7,8,8,8,7,7,6,6
527,6,38,3,0,0,0,0,3,0,0,0,1,0,0,0,1,2,4,7,9,8,8,7,7,6,6
528,6,39,3,0,0,0,0,3,0,0,0,0,0,0,0,1,2,4,7,9,8,8,7,7,7,6
529,6,40,3,0,0,0,0,3,0,0,0,1,0,0,0,1,2,4,7,9,8,8,8,7,7,6
530,6,41,3,1,0,0,0,3,0,0,0,0,0,0,0,1,2,4,7,9,8,8,8,7,7,7
531,6,42,3,0,0,0,0,3,0,0,0,1,0,0,1,1,2,4,7,9,8,8,8,8,7,7
532,6,43,3,0,0,0,0,3,0,0,0,0,0,0,0,1,2,4,7,9,9,8,8,8,7,7
533,6,44,3,0,0,0,0,3,0,1,0,1,0,0,0,1,2,4,7,9,9,8,8,8,8,7
534,6,45,3,0,0,0,0,3,0,0,1,0,0,0,0,1,2,4,7,9,9,8,8,8,8,8
535,6,46,3,0,0,0,0,3,0,0,0,1,0,0,0,1,2,4,7,9,9,9,8,8,8,8
536,6,47,3,0,0,0,0,3,1,0,0,0,0,0,0,1,2,4,7,9,9,9,9,8,8,8
537,6,48,3,1,0,0,0,3,0,0,0,1,0,0,0,1,2,4,7,9,9,9,9,9,8,8
538,6,49,3,0,0,0,0,3,0,0,0,0,0,0,0,1,2,4,7,9,9,9,9,9,9,8
539,6,50,3,0,0,0,0,3,0,0,0,1,0,0,1,1,2,4,7,9,9,9,9,9,9,9
540,6,51,3,0,0,0,0,3,0,1,0,0,0,0,0,1,2,4,7,9,9,9,9,9,9,9
541,6,52,3,0,0,0,0,3,0,0,0,1,0,0,0,1,2,4,7,9,9,9,9,9,9,9
542,6,53,3,0,0,0,0,3,0,0,0,0,0,0,0,1,2,4,7,9,9,9,9,9,9,9
543,6,54,3,1,0,0,0,3,1,0,0,1,0,0,0,1,2,4,7,9,9,9,9,9,9,9
544,6,55,3,0,0,0,0,3,0,0,1,0,0,0,0,1,2,4,7,9,9,9,9,9,9,9
545,6,56,3,0,0,0,0,3,0,0,0,1,0,0,1,1,2,4,7,9,9,9,9,9,9,9
546,6,57,3,0,0,0,0,3,0,0,0,0,0,0,0,1,2,4,7,9,9,9,9,9,9,9
547,6,58,3,0,0,0,0,3,0,1,0,1,0,0,0,1,2,4,7,9,9,9,9,9,9,9
548,6,59,3,0,0,0,0,3,0,0,0,0,0,0,0,1,2,4,7,9,9,9,9,9,9,9
549,6,60,3,0,0,0,0,3,0,0,0,1,0,0,0,1,2,4,7,9,9,9,9,9,9,9
550,6,61,3,0,0,0,0,3,0,0,0,0,0,0,0,1,2,4,7,9,9,9,9,9,9,9
551,6,62,3,1,0,0,0,3,1,0,0,1,0,0,0,1,2,4,7,9,9,9,9,9,9,9
552,6,63,3,0,0,0,0,3,0,0,0,0,0,0,0,1,2,4,7,9,9,9,9,9,9,9
553,6,64,3,0,0,0,0,3,0,0,1,1,0,0,1,1,2,4,7,9,9,9,9,9,9,9
554,6,65,3,0,0,0,0,3,0,0,0,0,0,0,0,1,2,4,7,9,9,9,9,9,9,9
555,6,66,3,0,0,0,0,3,0,0,0,1,0,0,0,1,2,4,7,9,9,9,9,9,9,9
556,6,67,3,0,0,0,0,3,0,0,0,0,0,0,0,1,2,4,7,9,9,9,9,9,9,9
557,6,68,3,0,0,0,0,3,0,0,0,1,0,0,0,1,2,4,7,9,9,9,9,9,9,9
558,6,69,3,0,0,0,0,3,0,0,1,0,0,0,0,1,2,4,7,9,9,9,9,9,9,9
559,6,70,3,0,0,0,0,3,0,1,0,1,0,0,0,1,2,4,7,9,9,9,9,9,9,9
560,6,71,3,0,0,0,0,3,1,0,0,0,0,0,0,1,2,4,7,9,9,9,9,9,9,9
561,6,72,3,0,0,0,0,3,0,0,0,1,0,0,1,1,2,4,7,9,9,9,9,9,9,9
562,6,73,3,0,0,0,0,3,0,0,0,0,0,0,0,1,2,4,7,9,9,9,9,9,9,9
563,6,74,3,1,0,0,0,3,0,0,0,1,0,0,0,1,2,4,7,9,9,9,9,9,9,9
564,6,75,3,0,0,0,0,3,0,0,1,0,0,0,0,1,2,4,7,9,9,9,9,9,9,9
565,6,76,3,0,0,0,0,3,0,1,0,1,0,0,1,1,2,4,7,9,9,9,9,9,9,9
566,6,77,3,0,0,0,0,3,0,0,0,0,0,0,0,1,2,4,7,9,9,9,9,9,9,9
567,6,78,3,0,0,0,0,3,1,0,0,1,0,0,0,1,2,4,7,9,9,9,9,9,9,9
568,6,79,3,0,0,0,0,3,0,0,0,0,0,0,0,1,2,4,7,9,9,9,9,9,9,9
569,6,80,3,0,0,0,0,3,0,0,0,1,0,0,0,1,2,4,7,9,9,9,9,9,9,9
570,6,81,3,0,0,0,0,3,0,0,0,0,0,0,1,1,2,4,7,9,9,9,9,9,9,9
571,6,82,3,0,0,0,0,3,0,1,0,1,0,0,0,1,2,4,7,9,9,9,9,9,9,9
572,6,83,3,0,0,0,0,3,0,0,0,0,0,0,0,1,2,4,7,9,9,9,9,9,9,9
573,6,84,3,0,0,0,0,3,0,0,0,1,0,0,0,1,2,4,7,9,9,9,9,9,9,9
574,6,85,3,0,0,0,0,3,0,0,0,0,0,0,0,1,2,4,7,9,9,9,9,9,9,9
575,6,86,3,0,0,0,0,3,0,0,0,1,0,0,0,1,2,4,7,9,9,9,9,9,9,9
576,6,87,3,0,0,0,0,3,1,0,1,0,0,0,0,1,2,4,7,9,9,9,9,9,9,9
577,6,88,3,0,0,0,0,3,0,0,0,1,0,0,0,1,2,4,7,9,9,9,9,9,9,9
578,6,89,3,1,0,0,0,3,0,0,0,0,0,0,0,1,2,4,7,9,9,9,9,9,9,9
579,6,90,3,0,0,0,0,3,0,0,0,1,0,0,1,1,2,4,7,9,9,9,9,9,9,9
580,6,91,3,0,0,0,0,3,0,0,0,0,0,0,0,1,2,4,7,9,9,9,9,9,9,9
581,6,92,3,0,0,0,0,3,0,1,0,1,0,0,0,1,2,4,7,9,9,9,9,9,9,9
582,6,93,3,0,0,0,0,3,0,0,0,0,0,0,0,1,2,4,7,9,9,9,9,9,9,9
583,6,94,3,0,0,0,0,3,0,0,0,1,0,0,0,1,2,4,7,9,9,9,9,9,9,9
584,6,95,3,0,0,0,0,3,0,0,0,0,0,0,0,1,2,4,7,9,9,9,9,9,9,9
585,6,96,3,0,0,0,0,3,0,0,1,1,0,0,1,1,2,4,7,9,9,9,9,9,9,9
586,6,97,3,0,0,0,0,3,1,0,0,0,0,0,0,1,2,4,7,9,9,9,9,9,9,9
587,6,98,3,0,0,0,0,3,0,0,0,1,0,0,0,1,2,4,7,9,9,9,9,9,9,9
588,6,99,3,0,0,0,0,3,0,1,0,0,0,0,0,1,2,4,7,9,9,9,9,9,9,9
589,7,2,3,1,0,0,0,3,1,0,0,0,0,0,0,1,4,3,1,1,1,0,0,0,0,0
590,7,3,3,0,0,0,0,3,0,1,1,0,0,0,0,1,4,3,0,0,0,0,0,0,0,0
591,7,4,3,1,0,0,0,3,1,0,0,0,0,0,1,1,4,3,1,1,1,0,0,0,0,0
592,7,5,3,0,0,0,0,3,0,1,1,0,0,0,0,1,4,3,0,0,0,0,0,0,0,0
593,7,6,3,1,0,0,0,3,1,0,0,1,0,0,1,1,4,3,1,1,1,0,0,0,0,0
594,7,7,3,0,0,0,0,3,0,0,1,0,0,0,0,1,4,3,0,0,0,0,0,0,0,0
595,7,8,3,1,0,0,0,3,1,0,0,0,0,0,0,1,4,3,1,1,1,0,0,0,0,0
596,7,9,3,0,0,0,0,3,0,1,1,0,0,0,0,1,4,3,0,0,0,0,0,0,0,0
597,7,10,3,1,0,0,0,3,1,0,0,0,0,0,1,1,4,3,1,1,1,0,0,0,0,0
598,7,11,3,0,0,0,0,3,0,1,1,0,0,0,0,1,4,3,0,0,0,0,0,0,0,0
599,7,12,3,1,0,0,0,3,1,0,0,1,0,0,1,1,4,3,1,1,1,0,0,0,0,0
600,7,13,3,0,0,0,0,3,0,0,1,0,0,0,0,1,4,3,0,0,0,0,0,0,0,0
601,7,14,3,1,0,0,0,3,1,0,0,0,0,0,0,1,4,3,1,1,1,0,0,0,0,0
602,7,15,3,0,0,0,0,3,0,1,1,0,0,0,0,1,4,3,0,0,0,0,0,0,0,0
603,7,16,3,1,0,0,0,3,1,0,0,0,0,0,1,1,4,3,1,1,1,0,0,0,0,0
604,7,17,3,0,0,0,0,3,0,1,1,0,0,0,0,1,4,3,0,0,0,0,0,0,0,0
605,7,18,3,1,0,0,0,3,1,0,0,1,0,0,1,1,4,3,1,1,1,0,0,0,0,0
606,7,19,3,0,0,0,0,3,0,0,1,0,0,0,0,1,4,3,0,0,0,0,0,0,0,0
607,7,20,3,1,0,0,0,3,1,0,0,0,0,0,0,1,4,3,1,1,1,0,0,0,0,0
608,7,21,3,0,0,0,0,3,0,1,1,0,0,0,0,1,4,3,0,0,0,0,0,0,0,0
609,7,22,3,0,0,0,0,3,1,0,0,0,0,0,1,1,4,3,1,1,1,0,0,0,0,0
610,7,23,3,0,0,0,0,3,0,1,1,0,0,0,0,1,4,3,0,0,0,0,0,0,0,0
611,7,24,3,1,0,0,0,3,1,0,0,1,0,0,1,1,4,3,1,1,1,0,0,0,0,0
612,7,25,3,0,0,0,0,3,0,0,1,0,0,0,0,1,4,3,0,0,0,0,0,0,0,0
613,7,26,3,1,0,0,0,3,1,0,0,0,0,0,0,1,4,3,1,1,1,0,0,0,0,0
614,7,27,3,0,0,0,0,3,0,1,1,0,0,0,0,1,4,3,0,0,0,0,0,0,0,0
615,7,28,3,0,0,0,0,3,1,0,0,0,0,0,1,1,4,3,1,1,1,0,0,0,0,0
616,7,29,3,0,0,0,0,3,0,1,1,0,0,0,0,1,4,3,0,0,0,0,0,0,0,0
617,7,30,3,1,0,0,0,3,1,0,0,1,0,0,1,1,4,3,1,1,1,0,0,0,0,0
618,7,31,3,0,0,0,0,3,0,0,1,0,0,0,0,1,4,3,0,0,0,0,0,0,0,0
619,7,32,3,1,0,0,0,3,1,0,0,0,0,0,0,1,4,3,1,1,1,0,0,0,0,0
620,7,33,3,0,0,0,0,3,0,1,1,0,0,0,0,1,4,3,0,0,0,0,0,0,0,0
621,7,34,3,0,0,0,0,3,1,0,0,0,0,0,1,1,4,3,1,1,1,0,0,0,0,0
622,7,35,3,0,0,0,0,3,0,1,1,0,0,0,0,1,4,3,0,0,0,0,0,0,0,0
623,7,36,3,1,0,0,0,3,1,0,0,1,0,0,1,1,4,3,1,1,1,0,0,0,0,0
624,7,37,3,0,0,0,0,3,0,0,1,0,0,0,0,1,4,3,0,0,0,0,0,0,0,0
625,7,38,3,1,0,0,0,3,1,0,0,0,0,0,0,1,4,3,1,1,1,0,0,0,0,0
626,7,39,3,0,0,0,0,3,0,1,1,0,0,0,0,1,4,3,0,0,0,0,0,0,0,0
627,7,40,3,0,0,0,0,3,1,0,0,0,0,0,1,1,4,3,1,1,1,0,0,0,0,0
628,7,41,3,0,0,0,0,3,0,1,0,0,0,0,0,1,4,3,0,0,0,0,0,0,0,0
629,7,42,3,1,0,0,0,3,1,0,0,1,0,0,1,1,4,3,1,1,1,0,0,0,0,0
630,7,43,3,0,0,0,0,3,0,0,1,0,0,0,0,1,4,3,0,0,0,0,0,0,0,0
631,7,44,3,1,0,0,0,3,1,0,0,0,0,0,0,1,4,3,1,1,1,0,0,0,0,0
632,7,45,3,0,0,0,0,3,0,1,1,0,0,0,0,1,4,3,0,0,0,0,0,0,0,0
633,7,46,3,0,0,0,0,3,1,0,0,0,0,0,1,1,4,3,1,1,1,0,0,0,0,0
634,7,47,3,0,0,0,0,3,0,1,0,0,0,0,0,1,4,3,0,0,0,0,0,0,0,0
635,7,48,3,0,0,0,0,3,1,0,0,1,0,0,1,1,4,3,1,1,1,0,0,0,0,0
636,7,49,3,0,0,0,0,3,0,0,1,0,0,0,0,1,4,3,0,0,0,0,0,0,0,0
637,7,50,3,1,0,0,0,3,1,0,0,0,0,0,0,1,4,3,1,1,1,0,0,0,0,0
638,7,51,3,0,0,0,0,3,0,1,1,0,0,0,0,1,4,3,0,0,0,0,0,0,0,0
639,7,52,3,0,0,0,0,3,1,0,0,0,0,0,1,1,4,3,1,1,1,0,0,0,0,0
640,7,53,3,0,0,0,0,3,0,1,0,0,0,0,0,1,4,3,0,0,0,0,0,0,0,0
641,7,54,3,0,0,0,0,3,1,0,0,1,0,0,1,1,4,3,1,1,1,0,0,0,0,0
642,7,55,3,0,0,0,0,3,0,0,1,0,0,0,0,1,4,3,0,0,0,0,0,0,0,0
643,7,56,3,1,0,0,0,3,1,0,0,0,0,0,0,1,4,3,1,1,1,0,0,0,0,0
644,7,57,3,0,0,0,0,3,0,1,1,0,0,0,0,1,4,3,0,0,0,0,0,0,0,0
645,7,58,3,0,0,0,0,3,1,0,0,0,0,0,1,1,4,3,1,1,1,0,0,0,0,0
646,7,59,3,0,0,0,0,3,0,1,0,0,0,0,0,1,4,3,0,0,0,0,0,0,0,0
647,7,60,3,0,0,0,0,3,1,0,0,1,0,0,1,1,4,3,1,1,1,0,0,0,0,0
648,7,61,3,0,0,0,0,3,0,0,1,0,0,0,0,1,4,3,0,0,0,0,0,0,0,0
649,7,62,3,1,0,0,0,3,1,0,0,0,0,0,0,1,4,3,1,1,1,0,0,0,0,0
650,7,63,3,0,0,0,0,3,0,1,0,0,0,0,0,1,4,3,0,0,0,0,0,0,0,0
651,7,64,3,0,0,0,0,3,1,0,0,0,0,0,1,1,4,3,1,1,1,0,0,0,0,0
652,7,65,3,0,0,0,0,3,0,0,1,0,0,0,0,1,4,3,0,0,0,0,0,0,0,0
653,7,66,3,0,0,0,0,3,1,0,0,1,0,0,0,1,4,3,1,1,1,0,0,0,0,0
654,7,67,3,0,0,0,0,3,0,1,0,0,0,0,0,1,4,3,0,0,0,0,0,0,0,0
655,7,68,3,1,0,0,0,3,1,0,0,0,0,0,1,1,4,3,1,1,1,0,0,0,0,0
656,7,69,3,0,0,0,0,3,0,0,1,0,0,0,0,1,4,3,0,0,0,0,0,0,0,0
657,7,70,3,0,0,0,0,3,1,0,0,0,0,0,0,1,4,3,1,1,1,0,0,0,0,0
658,7,71,3,0,0,0,0,3,0,1,0,0,0,0,0,1,4,3,0,0,0,0,0,0,0,0
659,7,72,3,0,0,0,0,3,1,0,0,1,0,0,1,1,4,3,1,1,1,0,0,0,0,0
660,7,73,3,0,0,0,0,3,0,0,1,0,0,0,0,1,4,3,0,0,0,0,0,0,0,0
661,7,74,3,1,0,0,0,3,1,0,0,0,0,0,0,1,4,3,1,1,1,0,0,0,0,0
662,7,75,3,0,0,0,0,3,0,1,0,0,0,0,0,1,4,3,0,0,0,0,0,0,0,0
663,7,76,3,0,0,0,0,3,1,0,0,0,0,0,1,1,4,3,1,1,1,0,0,0,0,0
664,7,77,3,0,0,0,0,3,0,0,1,0,0,0,0,1,4,3,0,0,0,0,0,0,0,0
665,7,78,3,0,0,0,0,3,1,0,0,1,0,0,0,1,4,3,1,1,1,0,0,0,0,0
666,7,79,3,0,0,0,0,3,0,1,0,0,0,0,0,1,4,3,0,0,0,0,0,0,0,0
667,7,80,3,1,0,0,0,3,1,0,0,0,0,0,0,1,4,3,1,1,1,0,0,0,0,0
668,7,81,3,0,0,0,0,3,0,0,1,0,0,0,0,1,4,3,0,0,0,0,0,0,0,0
669,7,82,3,0,0,0,0,3,1,0,0,0,0,0,0,1,4,3,1,1,1,0,0,0,0,0
670,7,83,3,0,0,0,0,3,0,0,0,0,0,0,0,1,4,3,0,0,0,0,0,0,0,0
671,7,84,3,0,0,0,0,3,1,0,0,1,0,0,0,1,4,3,1,1,1,0,0,0,0,0
672,7,85,3,0,0,0,0,3,0,0,1,0,0,0,0,1,4,3,0,0,0,0,0,0,0,0
673,7,86,3,1,0,0,0,3,1,0,0,0,0,0,0,1,4,3,1,1,1,0,0,0,0,0
674,7,87,3,0,0,0,0,3,0,0,0,0,0,0,0,1,4,3,0,0,0,0,0,0,0,0
675,7,88,3,0,0,0,0,3,1,0,0,0,0,0,0,1,4,3,1,1,1,0,0,0,0,0
676,7,89,3,0,0,0,0,3,0,0,1,0,0,0,0,1,4,3,0,0,0,0,0,0,0,0
677,7,90,3,0,0,0,0,3,1,0,0,0,0,0,0,1,4,3,1,1,1,0,0,0,0,0
678,7,91,3,0,0,0,0,3,0,0,0,0,0,0,0,1,4,3,0,0,0,0,0,0,0,0
679,7,92,3,1,0,0,0,3,1,0,0,0,0,0,0,1,4,3,1,1,1,0,0,0,0,0
680,7,93,3,0,0,0,0,3,0,0,1,0,0,0,0,1,4,3,0,0,0,0,0,0,0,0
681,7,94,3,0,0,0,0,3,1,0,0,0,0,0,0,1,4,3,1,1,1,0,0,0,0,0
682,7,95,3,0,0,0,0,3,0,0,0,0,0,0,0,1,4,3,0,0,0,0,0,0,0,0
683,7,96,3,0,0,0,0,3,1,0,0,0,0,0,0,1,4,3,1,1,1,0,0,0,0,0
684,7,97,3,0,0,0,0,3,0,0,1,0,0,0,0,1,4,3,0,0,0,0,0,0,0,0
685,7,98,3,1,0,0,0,3,1,0,0,0,0,0,0,1,4,3,1,1,1,0,0,0,0,0
686,7,99,3,0,0,0,0,3,0,0,0,0,0,0,0,1,4,3,0,0,0,0,0,0,0,0
687,8,2,3,1,0,0,0,3,1,0,0,0,0,0,1,1,5,3,1,1,1,1,0,0,0,0
688,8,3,3,0,0,0,0,3,0,0,1,0,0,0,0,1,5,3,0,0,0,0,0,0,0,0
689,8,4,3,1,0,0,0,3,1,0,0,1,0,0,1,1,5,3,1,1,1,1,0,0,0,0
690,8,5,3,0,0,0,0,3,0,1,0,0,0,0,0,1,5,3,0,0,0,0,0,0,0,0
691,8,6,3,1,0,0,0,3,1,0,0,0,0,0,1,1,5,3,1,1,1,1,0,0,0,0
692,8,7,3,0,0,0,0,3,0,0,1,0,0,0,0,1,5,3,0,0,0,0,0,0,0,0
693,8,8,3,1,0,0,0,3,1,0,0,1,0,0,1,1,5,3,1,1,1,1,0,0,0,0
694,8,9,3,0,0,0,0,3,0,0,0,0,0,0,0,1,5,3,0,0,0,0,0,0,0,0
695,8,10,3,0,0,0,0,3,1,0,0,0,0,0,1,1,5,3,1,1,1,1,0,0,0,0
696,8,11,3,0,0,0,0,3,0,1,1,0,0,0,0,1,5,3,0,0,0,0,0,0,0,0
697,8,12,3,1,0,0,0,3,1,0,0,1,0,0,1,1,5,3,1,1,1,1,0,0,0,0
698,8,13,3,0,0,0,0,3,0,0,0,0,0,0,0,1,5,3,0,0,0,0,0,0,0,0
699,8,14,3,0,0,0,0,3,1,0,0,0,0,0,1,1,5,3,1,1,1,1,0,0,0,0
700,8,15,3,0,0,0,0,3,0,0,1,0,0,0,0,1,5,3,0,0,0,0,0,0,0,0
701,8,16,3,1,0,0,0,3,1,0,0,0,0,0,1,1,5,3,1,1,1,1,0,0,0,0
702,8,17,3,0,0,0,0,3,0,1,0,0,0,0,0,1,5,3,0,0,0,0,0,0,0,0
703,8,18,3,0,0,0,0,3,1,0,0,1,0,0,1,1,5,3,1,1,1,1,0,0,0,0
704,8,19,3,0,0,0,0,3,0,0,1,0,0,0,0,1,5,3,0,0,0,0,0,0,0,0
705,8,20,3,1,0,0,0,3,0,0,0,0,0,0,1,1,5,3,1,1,1,1,0,0,0,0
706,8,21,3,0,0,0,0,3,0,0,0,0,0,0,0,1,5,3,0,0,0,0,0,0,0,0
707,8,22,3,0,0,0,0,3,1,0,0,0,0,0,1,1,5,3,1,1,1,1,0,0,0,0
708,8,23,3,0,0,0,0,3,0,1,1,0,0,0,0,1,5,3,0,0,0,0,0,0,0,0
709,8,24,3,1,0,0,0,3,1,0,0,1,0,0,1,1,5,3,1,1,1,1,0,0,0,0
710,8,25,3,0,0,0,0,3,0,0,0,0,0,0,0,1,5,3,0,0,0,0,0,0,0,0
711,8,26,3,0,0,0,0,3,0,0,0,0,0,0,1,1,5,3,1,1,1,1,0,0,0,0
712,8,27,3,0,0,0,0,3,0,0,1,0,0,0,0,1,5,3,0,0,0,0,0,0,0,0
713,8,28,3,1,0,0,0,3,1,0,0,0,0,0,1,1,5,3,1,1,1,1,0,0,0,0
714,8,29,3,0,0,0,0,3,0,1,0,0,0,0,0,1,5,3,0,0,0,0,0,0,0,0
715,8,30,3,0,0,0,0,3,1,0,0,1,0,0,1,1,5,3,1,1,1,1,0,0,0,0
716,8,31,3,0,0,0,0,3,0,0,1,0,0,0,0,1,5,3,0,0,0,0,0,0,0,0
717,8,32,3,0,0,0,0,3,0,0,0,0,0,0,1,1,5,3,1,1,1,1,0,0,0,0
718,8,33,3,0,0,0,0,3,0,0,1,0,0,0,0,1,5,3,0,0,0,0,0,0,0,0
719,8,34,3,1,0,0,0,3,1,0,0,0,0,0,1,1,5,3,1,1,1,1,0,0,0,0
720,8,35,3,0,0,0,0,3,0,1,0,0,0,0,0,1,5,3,0,0,0,0,0,0,0,0
721,8,36,3,0,0,0,0,3,1,0,0,1,0,0,1,1,5,3,1,1,1,1,0,0,0,0
722,8,37,3,0,0,0,0,3,0,0,1,0,0,0,0,1,5,3,0,0,0,0,0,0,0,0
723,8,38,3,0,0,0,0,3,0,0,0,0,0,0,1,1,5,3,1,1,1,1,0,0,0,0
724,8,39,3,0,0,0,0,3,0,0,1,0,0,0,0,1,5,3,0,0,0,0,0,0,0,0
725,8,40,3,1,0,0,0,3,1,0,0,0,0,0,1,1,5,3,1,1,1,1,0,0,0,0
726,8,41,3,0,0,0,0,3,0,1,0,0,0,0,0,1,5,3,0,0,0,0,0,0,0,0
727,8,42,3,0,0,0,0,3,1,0,0,1,0,0,1,1,5,3,1,1,1,1,0,0,0,0
728,8,43,3,0,0,0,0,3,0,0,1,0,0,0,0,1,5,3,0,0,0,0,0,0,0,0
729,8,44,3,0,0,0,0,3,0,0,0,0,0,0,1,1,5,3,1,1,1,1,0,0,0,0
730,8,45,3,0,0,0,0,3,0,0,1,0,0,0,0,1,5,3,0,0,0,0,0,0,0,0
731,8,46,3,1,0,0,0,3,1,0,0,0,0,0,1,1,5,3,1,1,1,1,0,0,0,0
732,8,47,3,0,0,0,0,3,0,1,0,0,0,0,0,1,5,3,0,0,0,0,0,0,0,0
733,8,48,3,0,0,0,0,3,1,0,0,1,0,0,1,1,5,3,1,1,1,1,0,0,0,0
734,8,49,3,0,0,0,0,3,0,0,1,0,0,0,0,1,5,3,0,0,0,0,0,0,0,0
735,8,50,3,0,0,0,0,3,0,0,0,0,0,0,1,1,5,3,1,1,1,1,0,0,0,0
736,8,51,3,0,0,0,0,3,0,0,1,0,0,0,0,1,5,3,0,0,0,0,0,0,0,0
737,8,52,3,1,0,0,0,3,1,0,0,0,0,0,1,1,5,3,1,1,1,1,0,0,0,0
738,8,53,3,0,0,0,0,3,0,1,0,0,0,0,0,1,5,3,0,0,0,0,0,0,0,0
739,8,54,3,0,0,0,0,3,1,0,0,1,0,0,1,1,5,3,1,1,1,1,0,0,0,0
740,8,55,3,0,0,0,0,3,0,0,1,0,0,0,0,1,5,3,0,0,0,0,0,0,0,0
741,8,56,3,0,0,0,0,3,0,0,0,0,0,0,1,1,5,3,1,1,1,1,0,0,0,0
742,8,57,3,0,0,0,0,3,0,0,1,0,0,0,0,1,5,3,0,0,0,0,0,0,0,0
743,8,58,3,1,0,0,0,3,0,0,0,0,0,0,1,1,5,3,1,1,1,1,0,0,0,0
744,8,59,3,0,0,0,0,3,0,1,0,0,0,0,0,1,5,3,0,0,0,0,0,0,0,0
745,8,60,3,0,0,0,0,3,1,0,0,1,0,0,1,1,5,3,1,1,1,1,0,0,0,0
746,8,61,3,0,0,0,0,3,0,0,1,0,0,0,0,1,5,3,0,0,0,0,0,0,0,0
747,8,62,3,0,0,0,0,3,0,0,0,0,0,0,1,1,5,3,1,1,1,1,0,0,0,0
748,8,63,3,0,0,0,0,3,0,0,1,0,0,0,0,1,5,3,0,0,0,0,0,0,0,0
749,8,64,3,1,0,0,0,3,1,0,0,0,0,0,1,1,5,3,1,1,1,1,0,0,0,0
750,8,65,3,0,0,0,0,3,0,1,1,0,0,0,0,1,5,3,0,0,0,0,0,0,0,0
751,8,66,3,0,0,0,0,3,1,0,0,1,0,0,1,1,5,3,1,1,1,1,0,0,0,0
752,8,67,3,0,0,0,0,3,0,0,1,0,0,0,0,1,5,3,0,0,0,0,0,0,0,0
753,8,68,3,0,0,0,0,3,0,0,0,0,0,0,1,1,5,3,1,1,1,1,0,0,0,0
754,8,69,3,0,0,0,0,3,0,0,1,0,0,0,0,1,5,3,0,0,0,0,0,0,0,0
755,8,70,3,0,0,0,0,3,1,0,0,0,0,0,1,1,5,3,1,1,1,1,0,0,0,0
756,8,71,3,0,0,0,0,3,0,1,1,0,0,0,0,1,5,3,0,0,0,0,0,0,0,0
757,8,72,3,1,0,0,0,3,1,0,0,1,0,0,1,1,5,3,1,1,1,1,0,0,0,0
758,8,73,3,0,0,0,0,3,0,0,1,0,0,0,0,1,5,3,0,0,0,0,0,0,0,0
759,8,74,3,0,0,0,0,3,0,0,0,0,0,0,1,1,5,3,1,1,1,1,0,0,0,0
760,8,75,3,0,0,0,0,3,0,0,1,0,0,0,0,1,5,3,0,0,0,0,0,0,0,0
761,8,76,3,0,0,0,0,3,1,0,0,0,0,0,1,1,5,3,1,1,1,1,0,0,0,0
762,8,77,3,0,0,0,0,3,0,1,1,0,0,0,0,1,5,3,0,0,0,0,0,0,0,0
763,8,78,3,0,0,0,0,3,1,0,0,1,0,0,1,1,5,3,1,1,1,1,0,0,0,0
764,8,79,3,0,0,0,0,3,0,0,1,0,0,0,0,1,5,3,0,0,0,0,0,0,0,0
765,8,80,3,1,0,0,0,3,0,0,0,0,0,0,1,1,5,3,1,1,1,1,0,0,0,0
766,8,81,3,0,0,0,0,3,0,0,1,0,0,0,0,1,5,3,0,0,0,0,0,0,0,0
767,8,82,3,0,0,0,0,3,1,0,0,0,0,0,1,1,5,3,1,1,1,1,0,0,0,0
768,8,83,3,0,0,0,0,3,0,1,0,0,0,0,0,1,5,3,0,0,0,0,0,0,0,0
769,8,84,3,0,0,0,0,3,0,0,0,1,0,0,1,1,5,3,1,1,1,1,0,0,0,0
770,8,85,3,0,0,0,0,3,0,0,1,0,0,0,0,1,5,3,0,0,0,0,0,0,0,0
771,8,86,3,0,0,0,0,3,1,0,0,0,0,0,1,1,5,3,1,1,1,1,0,0,0,0
772,8,87,3,0,0,0,0,3,0,0,0,0,0,0,0,1,5,3,0,0,0,0,0,0,0,0
773,8,88,3,0,0,0,0,3,0,0,0,0,0,0,1,1,5,3,1,1,1,1,0,0,0,0
774,8,89,3,0,0,0,0,3,0,1,1,0,0,0,0,1,5,3,0,0,0,0,0,0,0,0
775,8,90,3,1,0,0,0,3,1,0,0,1,0,0,1,1,5,3,1,1,1,1,0,0,0,0
776,8,91,3,0,0,0,0,3,0,0,0,0,0,0,0,1,5,3,0,0,0,0,0,0,0,0
777,8,92,3,0,0,0,0,3,0,0,0,0,0,0,1,1,5,3,1,1,1,1,0,0,0,0
778,8,93,3,0,0,0,0,3,0,0,1,0,0,0,0,1,5,3,0,0,0,0,0,0,0,0
779,8,94,3,0,0,0,0,3,1,0,0,0,0,0,1,1,5,3,1,1,1,1,0,0,0,0
780,8,95,3,0,0,0,0,3,0,1,0,0,0,0,0,1,5,3,0,0,0,0,0,0,0,0
781,8,96,3,0,0,0,0,3,0,0,0,1,0,0,1,1,5,3,1,1,1,1,0,0,0,0
782,8,97,3,0,0,0,0,3,0,0,1,0,0,0,0,1,5,3,0,0,0,0,0,0,0,0
783,8,98,3,0,0,0,0,3,1,0,0,0,0,0,1,1,5,3,1,1,1,1,0,0,0,0
784,8,99,3,0,0,0,0,3,0,0,0,0,0,0,0,1,5,3,0,0,0,0,0,0,0,0
785,9,2,3,1,0,0,0,3,0,0,0,0,0,0,1,1,3,2,0,0,0,0,0,0,0,0
786,9,3,3,0,0,0,0,3,0,1,1,0,0,0,0,1,3,2,0,0,0,0,0,0,0,0
787,9,4,3,0,0,0,0,3,1,0,0,1,0,0,1,1,3,2,0,0,0,0,0,0,0,0
788,9,5,3,0,0,0,0,3,0,1,0,0,0,0,0,1,3,2,0,0,0,0,0,0,0,0
789,9,6,3,1,0,0,0,3,0,0,0,0,0,0,0,1,3,2,0,0,0,0,0,0,0,0
790,9,7,3,0,0,0,0,3,0,1,1,0,0,0,0,1,3,2,0,0,0,0,0,0,0,0
791,9,8,3,0,0,0,0,3,1,0,0,1,0,0,1,1,3,2,0,0,0,0,0,0,0,0
792,9,9,3,0,0,0,0,3,0,1,0,0,0,0,0,1,3,2,0,0,0,0,0,0,0,0
793,9,10,3,0,0,0,0,3,0,0,0,0,0,0,1,1,3,2,0,0,0,0,0,0,0,0
794,9,11,3,0,0,0,0,3,0,1,1,0,0,0,0,1,3,2,0,0,0,0,0,0,0,0
795,9,12,3,1,0,0,0,3,1,0,0,1,0,0,0,1,3,2,0,0,0,0,0,0,0,0
796,9,13,3,0,0,0,0,3,0,1,0,0,0,0,0,1,3,2,0,0,0,0,0,0,0,0
797,9,14,3,0,0,0,0,3,0,0,0,0,0,0,1,1,3,2,0,0,0,0,0,0,0,0
798,9,15,3,0,0,0,0,3,0,1,1,0,0,0,0,1,3,2,0,0,0,0,0,0,0,0
799,9,16,3,0,0,0,0,3,1,0,0,1,0,0,1,1,3,2,0,0,0,0,0,0,0,0
800,9,17,3,0,0,0,0,3,0,1,0,0,0,0,0,1,3,2,0,0,0,0,0,0,0,0
801,9,18,3,1,0,0,0,3,0,0,0,0,0,0,0,1,3,2,0,0,0,0,0,0,0,0
802,9,19,3,0,0,0,0,3,0,1,1,0,0,0,0,1,3,2,0,0,0,0,0,0,0,0
803,9,20,3,0,0,0,0,3,1,0,0,1,0,0,1,1,3,2,0,0,0,0,0,0,0,0
804,9,21,3,0,0,0,0,3,0,1,0,0,0,0,0,1,3,2,0,0,0,0,0,0,0,0
805,9,22,3,0,0,0,0,3,0,0,0,0,0,0,1,1,3,2,0,0,0,0,0,0,0,0
806,9,23,3,0,0,0,0,3,0,1,1,0,0,0,0,1,3,2,0,0,0,0,0,0,0,0
807,9,24,3,1,0,0,0,3,1,0,0,1,0,0,0,1,3,2,0,0,0,0,0,0,0,0
808,9,25,3,0,0,0,0,3,0,1,0,0,0,0,0,1,3,2,0,0,0,0,0,0,0,0
809,9,26,3,0,0,0,0,3,0,0,0,0,0,0,1,1,3,2,0,0,0,0,0,0,0,0
810,9,27,3,0,0,0,0,3,0,1,1,0,0,0,0,1,3,2,0,0,0,0,0,0,0,0
811,9,28,3,0,0,0,0,3,1,0,0,1,0,0,1,1,3,2,0,0,0,0,0,0,0,0
812,9,29,3,0,0,0,0,3,0,1,0,0,0,0,0,1,3,2,0,0,0,0,0,0,0,0
813,9,30,3,1,0,0,0,3,0,0,0,0,0,0,0,1,3,2,0,0,0,0,0,0,0,0
814,9,31,3,0,0,0,0,3,0,1,1,0,0,0,0,1,3,2,0,0,0,0,0,0,0,0
815,9,32,3,1,0,0,0,3,1,0,0,1,0,0,1,1,3,2,0,0,0,0,0,0,0,0
816,9,33,3,0,0,0,0,3,0,1,0,0,0,0,0,1,3,2,0,0,0,0,0,0,0,0
817,9,34,3,0,0,0,0,3,0,0,0,0,0,0,1,1,3,2,0,0,0,0,0,0,0,0
818,9,35,3,0,0,0,0,3,0,1,1,0,0,0,0,1,3,2,0,0,0,0,0,0,0,0
819,9,36,3,1,0,0,0,3,1,0,0,1,0,0,0,1,3,2,0,0,0,0,0,0,0,0
820,9,37,3,0,0,0,0,3,0,1,0,0,0,0,0,1,3,2,0,0,0,0,0,0,0,0
821,9,38,3,0,0,0,0,3,0,0,0,0,0,0,1,1,3,2,0,0,0,0,0,0,0,0
822,9,39,3,0,0,0,0,3,0,1,1,0,0,0,0,1,3,2,0,0,0,0,0,0,0,0
823,9,40,3,0,0,0,0,3,1,0,0,1,0,0,1,1,3,2,0,0,0,0,0,0,0,0
824,9,41,3,0,0,0,0,3,0,1,0,0,0,0,0,1,3,2,0,0,0,0,0,0,0,0
825,9,42,3,1,0,0,0,3,0,0,0,0,0,0,0,1,3,2,0,0,0,0,0,0,0,0
826,9,43,3,0,0,0,0,3,0,1,1,0,0,0,0,1,3,2,0,0,0,0,0,0,0,0
827,9,44,3,0,0,0,0,3,1,0,0,1,0,0,1,1,3,2,0,0,0,0,0,0,0,0
828,9,45,3,0,0,0,0,3,0,1,0,0,0,0,0,1,3,2,0,0,0,0,0,0,0,0
829,9,46,3,0,0,0,0,3,0,0,0,0,0,0,1,1,3,2,0,0,0,0,0,0,0,0
830,9,47,3,0,0,0,0,3,0,1,1,0,0,0,0,1,3,2,0,0,0,0,0,0,0,0
831,9,48,3,1,0,0,0,3,1,0,0,1,0,0,0,1,3,2,0,0,0,0,0,0,0,0
832,9,49,3,0,0,0,0,3,0,1,0,0,0,0,0,1,3,2,0,0,0,0,0,0,0,0
833,9,50,3,0,0,0,0,3,0,0,0,0,0,0,1,1,3,2,0,0,0,0,0,0,0,0
834,9,51,3,0,0,0,0,3,0,1,1,0,0,0,0,1,3,2,0,0,0,0,0,0,0,0
835,9,52,3,0,0,0,0,3,1,0,0,1,0,0,1,1,3,2,0,0,0,0,0,0,0,0
836,9,53,3,0,0,0,0,3,0,1,0,0,0,0,0,1,3,2,0,0,0,0,0,0,0,0
837,9,54,3,1,0,0,0,3,0,0,0,0,0,0,0,1,3,2,0,0,0,0,0,0,0,0
838,9,55,3,0,0,0,0,3,0,1,1,0,0,0,0,1,3,2,0,0,0,0,0,0,0,0
839,9,56,3,0,0,0,0,3,1,0,0,1,0,0,1,1,3,2,0,0,0,0,0,0,0,0
840,9,57,3,0,0,0,0,3,0,1,0,0,0,0,0,1,3,2,0,0,0,0,0,0,0,0
841,9,58,3,0,0,0,0,3,0,0,0,0,0,0,1,1,3,2,0,0,0,0,0,0,0,0
842,9,59,3,0,0,0,0,3,0,1,1,0,0,0,0,1,3,2,0,0,0,0,0,0,0,0
843,9,60,3,1,0,0,0,3,1,0,0,1,0,0,0,1,3,2,0,0,0,0,0,0,0,0
844,9,61,3,0,0,0,0,3,0,1,0,0,0,0,0,1,3,2,0,0,0,0,0,0,0,0
845,9,62,3,1,0,0,0,3,0,0,0,0,0,0,1,1,3,2,0,0,0,0,0,0,0,0
846,9,63,3,0,0,0,0,3,0,1,1,0,0,0,0,1,3,2,0,0,0,0,0,0,0,0
847,9,64,3,0,0,0,0,3,1,0,0,1,0,0,1,1,3,2,0,0,0,0,0,0,0,0
848,9,65,3,0,0,0,0,3,0,1,0,0,0,0,0,1,3,2,0,0,0,0,0,0,0,0
849,9,66,3,1,0,0,0,3,0,0,0,0,0,0,0,1,3,2,0,0,0,0,0,0,0,0
850,9,67,3,0,0,0,0,3,0,1,1,0,0,0,0,1,3,2,0,0,0,0,0,0,0,0
851,9,68,3,0,0,0,0,3,1,0,0,1,0,0,1,1,3,2,0,0,0,0,0,0,0,0
852,9,69,3,0,0,0,0,3,0,1,0,0,0,0,0,1,3,2,0,0,0,0,0,0,0,0
853,9,70,3,0,0,0,0,3,0,0,0,0,0,0,1,1,3,2,0,0,0,0,0,0,0,0
854,9,71,3,0,0,0,0,3,0,1,1,0,0,0,0,1,3,2,0,0,0,0,0,0,0,0
855,9,72,3,1,0,0,0,3,1,0,0,1,0,0,0,1,3,2,0,0,0,0,0,0,0,0
856,9,73,3,0,0,0,0,3,0,1,0,0,0,0,0,1,3,2,0,0,0,0,0,0,0,0
857,9,74,3,0,0,0,0,3,0,0,0,0,0,0,1,1,3,2,0,0,0,0,0,0,0,0
858,9,75,3,0,0,0,0,3,0,1,1,0,0,0,0,1,3,2,0,0,0,0,0,0,0,0
859,9,76,3,0,0,0,0,3,1,0,0,1,0,0,1,1,3,2,0,0,0,0,0,0,0,0
860,9,77,3,0,0,0,0,3,0,1,0,0,0,0,0,1,3,2,0,0,0,0,0,0,0,0
861,9,78,3,1,0,0,0,3,0,0,0,0,0,0,0,1,3,2,0,0,0,0,0,0,0,0
862,9,79,3,0,0,0,0,3,0,1,1,0,0,0,0,1,3,2,0,0,0,0,0,0,0,0
863,9,80,3,0,0,0,0,3,1,0,0,1,0,0,1,1,3,2,0,0,0,0,0,0,0,0
864,9,81,3,0,0,0,0,3,0,1,0,0,0,0,0,1,3,2,0,0,0,0,0,0,0,0
865,9,82,3,0,0,0,0,3,0,0,0,0,0,0,1,1,3,2,0,0,0,0,0,0,0,0
866,9,83,3,0,0,0,0,3,0,1,1,0,0,0,0,1,3,2,0,0,0,0,0,0,0,0
867,9,84,3,1,0,0,0,3,1,0,0,1,0,0,0,1,3,2,0,0,0,0,0,0,0,0
868,9,85,3,0,0,0,0,3,0,1,0,0,0,0,0,1,3,2,0,0,0,0,0,0,0,0
869,9,86,3,0,0,0,0,3,0,0,0,0,0,0,0,1,3,2,0,0,0,0,0,0,0,0
870,9,87,3,0,0,0,0,3,0,1,1,0,0,0,0,1,3,2,0,0,0,0,0,0,0,0
871,9,88,3,0,0,0,0,3,1,0,0,1,0,0,1,1,3,2,0,0,0,0,0,0,0,0
872,9,89,3,0,0,0,0,3,0,1,0,0,0,0,0,1,3,2,0,0,0,0,0,0,0,0
873,9,90,3,1,0,0,0,3,0,0,0,0,0,0,0,1,3,2,0,0,0,0,0,0,0,0
874,9,91,3,0,0,0,0,3,0,1,1,0,0,0,0,1,3,2,0,0,0,0,0,0,0,0
875,9,92,3,1,0,0,0,3,1,0,0,1,0,0,0,1,3,2,0,0,0,0,0,0,0,0
876,9,93,3,0,0,0,0,3,0,1,0,0,0,0,0,1,3,2,0,0,0,0,0,0,0,0
877,9,94,3,0,0,0,0,3,0,0,0,0,0,0,1,1,3,2,0,0,0,0,0,0,0,0
878,9,95,3,0,0,0,0,3,0,1,1,0,0,0,0,1,3,2,0,0,0,0,0,0,0,0
879,9,96,3,1,0,0,0,3,1,0,0,1,0,0,0,1,3,2,0,0,0,0,0,0,0,0
880,9,97,3,0,0,0,0,3,0,1,0,0,0,0,0,1,3,2,0,0,0,0,0,0,0,0
881,9,98,3,0,0,0,0,3,0,0,0,0,0,0,0,1,3,2,0,0,0,0,0,0,0,0
882,9,99,3,0,0,0,0,3,0,1,1,0,0,0,0,1,3,2,0,0,0,0,0,0,0,0
883,10,2,3,0,0,0,0,3,1,0,0,0,0,0,0,1,3,3,1,1,0,0,0,0,0,0
884,10,3,3,0,0,0,0,3,0,0,1,0,0,0,0,1,3,3,1,2,0,0,0,0,0,0
885,10,4,3,0,0,0,0,3,1,1,0,0,0,0,1,1,3,3,2,2,0,0,0,0,0,0
886,10,5,3,0,0,0,0,3,0,0,0,1,0,0,0,1,3,3,2,3,0,0,0,0,0,0
887,10,6,3,1,0,0,0,3,1,1,0,0,0,0,0,1,3,3,2,3,1,0,0,0,0,0
888,10,7,3,0,0,0,0,3,0,0,0,1,0,0,0,1,3,3,3,3,2,0,0,0,0,0
889,10,8,3,0,0,0,0,3,1,0,0,0,0,0,1,1,3,3,3,4,2,0,0,0,0,0
890,10,9,3,0,0,0,0,3,0,0,1,0,0,0,0,1,3,3,3,4,3,0,0,0,0,0
891,10,10,3,0,0,0,0,3,0,0,0,0,0,0,0,1,3,3,4,4,3,1,0,0,0,0
892,10,11,3,0,0,0,0,3,0,1,0,1,0,0,0,1,3,3,4,4,3,2,0,0,0,0
893,10,12,3,1,0,0,0,3,1,0,1,0,0,0,1,1,3,3,4,4,4,2,0,0,0,0
894,10,13,3,0,0,0,0,3,0,1,0,0,0,0,0,1,3,3,4,5,4,3,0,0,0,0
895,10,14,3,0,0,0,0,3,1,0,0,0,0,0,0,1,3,3,5,5,4,3,0,0,0,0
896,10,15,3,0,0,0,0,3,0,1,0,1,0,0,0,1,3,3,5,5,4,3,1,0,0,0
897,10,16,3,1,0,0,0,3,1,0,0,0,0,0,1,1,3,3,5,5,5,4,2,0,0,0
898,10,17,3,0,0,0,0,3,0,1,0,0,0,0,0,1,3,3,5,6,5,4,2,0,0,0
899,10,18,3,0,0,0,0,3,0,0,1,0,0,0,0,1,3,3,5,6,5,4,3,0,0,0
900,10,19,3,0,0,0,0,3,0,0,0,1,0,0,0,1,3,3,5,6,5,5,3,0,0,0
901,10,20,3,1,0,0,0,3,1,0,0,0,0,0,1,1,3,3,5,6,6,5,3,1,0,0
902,10,21,3,0,0,0,0,3,0,1,1,0,0,0,0,1,3,3,5,6,6,5,4,2,0,0
903,10,22,3,0,0,0,0,3,1,0,0,0,0,0,0,1,3,3,6,6,6,5,4,2,0,0
904,10,23,3,0,0,0,0,3,0,1,0,1,0,0,0,1,3,3,6,6,6,5,4,3,0,0
905,10,24,3,1,0,0,0,3,0,0,0,0,0,0,1,1,3,3,6,7,6,6,4,3,0,0
906,10,25,3,0,0,0,0,3,0,0,0,0,0,0,0,1,3,3,6,7,6,6,5,3,0,0
907,10,26,3,0,0,0,0,3,0,1,0,0,0,0,1,1,3,3,6,7,6,6,5,4,1,0
908,10,27,3,0,0,0,0,3,0,0,1,1,0,0,0,1,3,3,6,7,7,6,5,4,2,0
909,10,28,3,0,0,0,0,3,1,0,0,0,0,0,0,1,3,3,6,8,7,6,5,4,2,0
910,10,29,3,0,0,0,0,3,0,0,0,0,0,0,0,1,3,3,6,8,7,6,5,5,3,0
911,10,30,3,0,0,0,0,3,0,0,0,1,0,0,1,1,3,3,6,8,7,7,6,5,3,0
912,10,31,3,1,0,0,0,3,0,0,0,0,0,0,0,1,3,3,6,8,7,7,6,5,3,0
913,10,32,3,0,0,0,0,3,1,1,0,0,0,0,1,1,3,3,6,8,8,7,6,5,4,0
914,10,33,3,0,0,0,0,3,0,0,1,1,0,0,0,1,3,3,6,8,8,7,6,6,4,0
915,10,34,3,0,0,0,0,3,0,0,0,0,0,0,0,1,3,3,6,8,8,7,6,6,4,0
916,10,35,3,0,0,0,0,3,0,1,0,0,0,0,1,1,3,3,7,8,8,7,7,6,5,0
917,10,36,3,0,0,0,0,3,1,0,1,0,0,0,0,1,3,3,7,8,8,7,7,6,5,0
918,10,37,3,1,0,0,0,3,0,0,0,1,0,0,0,1,3,3,7,8,8,8,7,6,5,0
919,10,38,3,0,0,0,0,3,1,1,0,0,0,0,1,1,3,3,7,8,8,8,7,6,6,0
920,10,39,3,0,0,0,0,3,0,0,0,1,0,0,0,1,3,3,7,8,8,8,7,6,6,0
921,10,40,3,0,0,0,0,3,0,0,0,0,0,0,0,1,3,3,7,8,8,8,7,7,6,0
922,10,41,3,0,0,0,0,3,0,1,0,0,0,0,1,1,3,3,7,9,8,8,7,7,6,0
923,10,42,3,1,0,0,0,3,1,0,1,0,0,0,0,1,3,3,7,9,8,8,8,7,6,0
924,10,43,3,0,0,0,0,3,0,0,0,1,0,0,0,1,3,3,7,9,8,8,8,7,6,0
925,10,44,3,0,0,0,0,3,0,0,0,0,0,0,1,1,3,3,7,9,8,8,8,7,7,0
926,10,45,3,0,0,0,0,3,0,0,1,0,0,0,0,1,3,3,7,9,9,8,8,7,7,0
927,10,46,3,0,0,0,0,3,0,0,0,0,0,0,0,1,3,3,7,9,9,8,8,8,7,0
928,10,47,3,1,0,0,0,3,0,1,0,1,0,0,0,1,3,3,7,9,9,8,8,8,7,0
929,10,48,3,0,0,0,0,3,1,0,1,0,0,0,1,1,3,3,7,9,9,9,8,8,7,0
930,10,49,3,0,0,0,0,3,0,0,0,0,0,0,0,1,3,3,7,9,9,9,8,8,8,0
931,10,50,3,0,0,0,0,3,0,1,0,0,0,0,1,1,3,3,7,9,9,9,9,8,8,0
932,10,51,3,0,0,0,0,3,1,0,0,0,0,0,0,1,3,3,7,9,9,9,9,8,8,0
933,10,52,3,1,0,0,0,3,0,0,0,0,0,0,0,1,3,3,7,9,9,9,9,8,8,0
934,10,53,3,0,0,0,0,3,0,0,1,1,0,0,0,1,3,3,7,9,9,9,9,8,8,0
935,10,54,3,0,0,0,0,3,1,1,0,0,0,0,0,1,3,3,7,9,9,9,9,8,8,0
936,10,55,3,0,0,0,0,3,0,0,0,0,0,0,0,1,3,3,7,9,9,9,9,8,8,0
937,10,56,3,0,0,0,0,3,0,0,0,0,0,0,1,1,3,3,7,9,9,9,9,8,8,0
938,10,57,3,0,0,0,0,3,0,0,0,0,0,0,0,1,3,3,7,9,9,9,9,8,8,0
939,10,58,3,0,0,0,0,3,1,1,1,1,0,0,0,1,3,3,7,9,9,9,9,8,8,0
940,10,59,3,1,0,0,0,3,0,0,0,0,0,0,0,1,3,3,7,9,9,9,9,8,8,0
941,10,60,3,0,0,0,0,3,0,0,0,0,0,0,0,1,3,3,7,9,9,9,9,8,8,0
942,10,61,3,0,0,0,0,3,0,0,0,0,0,0,1,1,3,3,7,9,9,9,9,8,8,0
943,10,62,3,0,0,0,0,3,0,0,0,1,0,0,0,1,3,3,7,9,9,9,9,8,8,0
944,10,63,3,0,0,0,0,3,0,1,0,0,0,0,0,1,3,3,7,9,9,9,9,8,8,0
945,10,64,3,1,0,0,0,3,1,0,1,0,0,0,0,1,3,3,7,9,9,9,9,8,8,0
946,10,65,3,0,0,0,0,3,0,0,0,0,0,0,0,1,3,3,7,9,9,9,9,8,8,0
947,10,66,3,0,0,0,0,3,0,0,0,1,0,0,0,1,3,3,7,9,9,9,9,8,8,0
948,10,67,3,0,0,0,0,3,1,0,0,0,0,0,1,1,3,3,7,9,9,9,9,8,8,0
949,10,68,3,0,0,0,0,3,0,0,0,0,0,0,0,1,3,3,7,9,9,9,9,8,8,0
950,10,69,3,0,0,0,0,3,0,0,0,1,0,0,0,1,3,3,7,9,9,9,9,8,8,0
951,10,70,3,0,0,0,0,3,0,0,0,0,0,0,0,1,3,3,7,9,9,9,9,8,8,0
952,10,71,3,0,0,0,0,3,1,0,0,0,0,0,0,1,3,3,7,9,9,9,9,8,8,0
953,10,72,3,0,0,0,0,3,0,1,0,0,0,0,0,1,3,3,7,9,9,9,9,8,8,0
954,10,73,3,1,0,0,0,3,0,0,1,0,0,0,1,1,3,3,7,9,9,9,9,8,8,0
955,10,74,3,0,0,0,0,3,0,0,0,0,0,0,0,1,3,3,7,9,9,9,9,8,8,0
956,10,75,3,0,0,0,0,3,0,0,0,1,0,0,0,1,3,3,7,9,9,9,9,8,8,0
957,10,76,3,0,0,0,0,3,0,0,0,0,0,0,0,1,3,3,7,9,9,9,9,8,8,0
958,10,77,3,0,0,0,0,3,1,0,0,0,0,0,0,1,3,3,7,9,9,9,9,8,8,0
959,10,78,3,0,0,0,0,3,0,0,0,0,0,0,1,1,3,3,7,9,9,9,9,8,8,0
960,10,79,3,0,0,0,0,3,0,0,0,1,0,0,0,1,3,3,7,9,9,9,9,8,8,0
961,10,80,3,0,0,0,0,3,0,0,0,0,0,0,0,1,3,3,7,9,9,9,9,8,8,0
962,10,81,3,0,0,0,0,3,0,0,1,0,0,0,0,1,3,3,7,9,9,9,9,8,8,0
963,10,82,3,0,0,0,0,3,0,0,0,0,0,0,0,1,3,3,7,9,9,9,9,8,8,0
964,10,83,3,0,0,0,0,3,1,0,0,1,0,0,1,1,3,3,7,9,9,9,9,8,8,0
965,10,84,3,0,0,0,0,3,0,0,0,0,0,0,0,1,3,3,7,9,9,9,9,8,8,0
966,10,85,3,0,0,0,0,3,0,0,0,0,0,0,0,1,3,3,7,9,9,9,9,8,8,0
967,10,86,3,0,0,0,0,3,0,0,0,0,0,0,1,1,3,3,7,9,9,9,9,8,8,0
968,10,87,3,0,0,0,0,3,0,0,0,1,0,0,0,1,3,3,7,9,9,9,9,8,8,0
969,10,88,3,0,0,0,0,3,1,0,0,0,0,0,0,1,3,3,7,9,9,9,9,8,8,0
970,10,89,3,0,0,0,0,3,0,0,0,0,0,0,0,1,3,3,7,9,9,9,9,8,8,0
971,10,90,3,0,0,0,0,3,0,0,0,0,0,0,1,1,3,3,7,9,9,9,9,8,8,0
972,10,91,3,0,0,0,0,3,0,0,0,0,0,0,0,1,3,3,7,9,9,9,9,8,8,0
973,10,92,3,0,0,0,0,3,0,0,0,1,0,0,0,1,3,3,7,9,9,9,9,8,8,0
974,10,93,3,0,0,0,0,3,0,0,1,0,0,0,0,1,3,3,7,9,9,9,9,8,8,0
975,10,94,3,0,0,0,0,3,0,1,0,0,0,0,0,1,3,3,7,9,9,9,9,8,8,0
976,10,95,3,0,0,0,0,3,1,0,0,0,0,0,1,1,3,3,7,9,9,9,9,8,8,0
977,10,96,3,0,0,0,0,3,0,0,0,0,0,0,0,1,3,3,7,9,9,9,9,8,8,0
978,10,97,3,0,0,0,0,3,0,0,0,1,0,0,0,1,3,3,7,9,9,9,9,8,8,0
979,10,98,3,0,0,0,0,3,0,0,0,0,0,0,1,1,3,3,7,9,9,9,9,8,8,0
980,10,99,3,0,0,0,0,3,0,1,0,0,0,0,0,1,3,3,7,9,9,9,9,8,8,0
981,11,2,3,1,0,0,0,3,0,0,0,1,0,0,0,1,2,5,1,1,0,0,0,0,0,0
982,11,3,3,0,0,0,0,3,0,1,0,0,0,0,0,1,2,5,1,2,0,0,0,0,0,0
983,11,4,3,0,0,0,0,3,1,0,0,0,0,0,1,1,2,5,2,2,0,0,0,0,0,0
984,11,5,3,0,0,0,0,3,0,0,1,0,0,0,0,1,2,5,2,3,1,0,0,0,0,0
985,11,6,3,1,0,0,0,3,0,0,0,0,0,0,0,1,2,5,2,3,2,0,0,0,0,0
986,11,7,3,0,0,0,0,3,1,1,0,0,0,0,0,1,2,5,3,3,2,0,0,0,0,0
987,11,8,3,1,0,0,0,3,0,0,0,1,0,0,1,1,2,5,3,3,3,1,0,0,0,0
988,11,9,3,0,0,0,0,3,0,0,0,0,0,0,0,1,2,5,3,4,3,2,0,0,0,0
989,11,10,3,0,0,0,0,3,0,0,0,0,0,0,0,1,2,5,4,4,3,2,0,0,0,0
990,11,11,3,0,0,0,0,3,0,1,1,1,0,0,0,1,2,5,4,4,4,3,0,0,0,0
991,11,12,3,1,0,0,0,3,0,0,0,0,0,0,1,1,2,5,4,4,4,3,1,0,0,0
992,11,13,3,0,0,0,0,3,1,0,0,1,0,0,0,1,2,5,4,5,4,3,2,0,0,0
993,11,14,3,1,0,0,0,3,0,0,0,0,0,0,0,1,2,5,5,5,4,4,2,0,0,0
994,11,15,3,0,0,0,0,3,0,1,0,0,0,0,0,1,2,5,5,5,5,4,3,0,0,0
995,11,16,3,0,0,0,0,3,0,0,0,0,0,0,1,1,2,5,5,5,5,4,3,1,0,0
996,11,17,3,1,0,0,0,3,0,0,1,0,0,0,0,1,2,5,5,6,5,4,3,2,0,0
997,11,18,3,0,0,0,0,3,0,0,0,1,0,0,0,1,2,5,5,6,5,5,4,2,0,0
998,11,19,3,0,0,0,0,3,1,1,0,0,0,0,0,1,2,5,6,6,5,5,4,3,0,0
999,11,20,3,1,0,0,0,3,0,0,0,0,0,0,1,1,2,5,6,6,6,5,4,3,1,0
1000,11,21,3,0,0,0,0,3,0,0,0,0,0,0,0,1,2,5,6,6,6,5,4,3,2,0
1001,11,22,3,1,0,0,0,3,0,0,0,1,0,0,0,1,2,5,6,6,6,5,5,4,2,0
1002,11,23,3,0,0,0,0,3,0,0,1,0,0,0,1,1,2,5,6,6,6,6,5,4,3,0
1003,11,24,3,1,0,0,0,3,0,1,0,1,0,0,0,1,2,5,7,7,6,6,5,4,3,0
1004,11,25,3,0,0,0,0,3,1,0,0,0,0,0,0,1,2,5,7,7,6,6,5,5,3,1
1005,11,26,3,1,0,0,0,3,0,0,0,0,0,0,1,1,2,5,7,7,6,6,5,5,4,2
1006,11,27,3,0,0,0,0,3,0,1,0,0,0,0,0,1,2,5,7,7,7,6,6,5,4,2
1007,11,28,3,1,0,0,0,3,0,0,0,1,0,0,0,1,2,5,7,8,7,6,6,5,4,3
1008,11,29,3,0,0,0,0,3,0,0,1,0,0,0,0,1,2,5,7,8,7,7,6,5,5,3
1009,11,30,3,0,0,0,0,3,0,0,0,0,0,0,0,1,2,5,7,8,7,7,6,6,5,4
1010,11,31,3,0,0,0,0,3,1,0,0,0,0,0,0,1,2,5,7,8,8,7,6,6,5,4
1011,11,32,3,1,0,0,0,3,0,0,0,1,0,0,1,1,2,5,7,8,8,7,7,6,5,4
1012,11,33,3,0,0,0,0,3,0,1,0,0,0,0,0,1,2,5,7,8,8,7,7,6,5,5
1013,11,34,3,0,0,0,0,3,0,0,0,1,0,0,0,1,2,5,7,8,8,7,7,6,6,5
1014,11,35,3,0,0,0,0,3,0,0,1,0,0,0,0,1,2,5,7,8,8,8,7,6,6,5
1015,11,36,3,0,0,0,0,3,0,1,0,0,0,0,0,1,2,5,7,8,8,8,7,7,6,5
1016,11,37,3,1,0,0,0,3,1,0,0,0,0,0,0,1,2,5,7,8,8,8,7,7,6,6
1017,11,38,3,0,0,0,0,3,0,0,0,1,0,0,1,1,2,5,7,9,8,8,7,7,6,6
1018,11,39,3,0,0,0,0,3,0,0,0,0,0,0,0,1,2,5,7,9,8,8,7,7,7,6
1019,11,40,3,0,0,0,0,3,0,0,0,1,0,0,0,1,2,5,7,9,8,8,8,7,7,6
1020,11,41,3,0,0,0,0,3,0,0,1,0,0,0,0,1,2,5,7,9,8,8,8,7,7,7
1021,11,42,3,1,0,0,0,3,0,1,0,1,0,0,0,1,2,5,7,9,8,8,8,8,7,7
1022,11,43,3,0,0,0,0,3,1,0,0,1,0,0,0,1,2,5,7,9,9,8,8,8,7,7
1023,11,44,3,0,0,0,0,3,0,0,0,0,0,0,1,1,2,5,7,9,9,8,8,8,8,7
1024,11,45,3,0,0,0,0,3,0,0,0,1,0,0,0,1,2,5,7,9,9,8,8,8,8,8
1025,11,46,3,0,0,0,0,3,0,0,0,0,0,0,0,1,2,5,7,9,9,9,8,8,8,8
1026,11,47,3,1,0,0,0,3,0,0,1,1,0,0,0,1,2,5,7,9,9,9,9,8,8,8
1027,11,48,3,0,0,0,0,3,0,1,0,0,0,0,0,1,2,5,7,9,9,9,9,9,8,8
1028,11,49,3,0,0,0,0,3,1,0,0,1,0,0,0,1,2,5,7,9,9,9,9,9,9,8
1029,11,50,3,0,0,0,0,3,0,0,0,0,0,0,1,1,2,5,7,9,9,9,9,9,9,9
1030,11,51,3,0,0,0,0,3,0,0,0,0,0,0,0,1,2,5,7,9,9,9,9,9,9,9
1031,11,52,3,0,0,0,0,3,0,0,0,1,0,0,0,1,2,5,7,9,9,9,9,9,9,9
1032,11,53,3,0,0,0,0,3,0,1,1,0,0,0,0,1,2,5,7,9,9,9,9,9,9,9
1033,11,54,3,0,0,0,0,3,0,0,0,0,0,0,0,1,2,5,7,9,9,9,9,9,9,9
1034,11,55,3,0,0,0,0,3,1,0,0,0,0,0,1,1,2,5,7,9,9,9,9,9,9,9
1035,11,56,3,0,0,0,0,3,0,0,0,1,0,0,0,1,2,5,7,9,9,9,9,9,9,9
1036,11,57,3,0,0,0,0,3,0,0,1,0,0,0,0,1,2,5,7,9,9,9,9,9,9,9
1037,11,58,3,0,0,0,0,3,0,0,0,0,0,0,0,1,2,5,7,9,9,9,9,9,9,9
1038,11,59,3,0,0,0,0,3,1,1,0,0,0,0,0,1,2,5,7,9,9,9,9,9,9,9
1039,11,60,3,0,0,0,0,3,0,0,0,0,0,0,1,1,2,5,7,9,9,9,9,9,9,9
1040,11,61,3,0,0,0,0,3,0,0,1,1,0,0,0,1,2,5,7,9,9,9,9,9,9,9
1041,11,62,3,0,0,0,0,3,0,0,0,0,0,0,0,1,2,5,7,9,9,9,9,9,9,9
1042,11,63,3,0,0,0,0,3,1,1,0,0,0,0,0,1,2,5,7,9,9,9,9,9,9,9
1043,11,64,3,0,0,0,0,3,0,0,0,0,0,0,0,1,2,5,7,9,9,9,9,9,9,9
1044,11,65,3,0,0,0,0,3,0,0,1,1,0,0,1,1,2,5,7,9,9,9,9,9,9,9
1045,11,66,3,0,0,0,0,3,0,0,0,0,0,0,0,1,2,5,7,9,9,9,9,9,9,9
1046,11,67,3,0,0,0,0,3,1,0,0,1,0,0,0,1,2,5,7,9,9,9,9,9,9,9
1047,11,68,3,0,0,0,0,3,0,1,1,0,0,0,0,1,2,5,7,9,9,9,9,9,9,9
1048,11,69,3,0,0,0,0,3,0,0,0,1,0,0,0,1,2,5,7,9,9,9,9,9,9,9
1049,11,70,3,0,0,0,0,3,1,0,0,0,0,0,0,1,2,5,7,9,9,9,9,9,9,9
1050,11,71,3,0,0,0,0,3,0,0,0,1,0,0,1,1,2,5,7,9,9,9,9,9,9,9
1051,11,72,3,0,0,0,0,3,0,0,1,0,0,0,0,1,2,5,7,9,9,9,9,9,9,9
1052,11,73,3,0,0,0,0,3,0,1,0,1,0,0,0,1,2,5,7,9,9,9,9,9,9,9
1053,11,74,3,0,0,0,0,3,1,0,0,0,0,0,0,1,2,5,7,9,9,9,9,9,9,9
1054,11,75,3,0,0,0,0,3,0,0,0,0,0,0,1,1,2,5,7,9,9,9,9,9,9,9
1055,11,76,3,0,0,0,0,3,0,0,0,1,0,0,0,1,2,5,7,9,9,9,9,9,9,9
1056,11,77,3,0,0,0,0,3,0,1,1,0,0,0,0,1,2,5,7,9,9,9,9,9,9,9
1057,11,78,3,0,0,0,0,3,1,0,0,0,0,0,0,1,2,5,7,9,9,9,9,9,9,9
1058,11,79,3,0,0,0,0,3,0,0,0,1,0,0,0,1,2,5,7,9,9,9,9,9,9,9
1059,11,80,3,0,0,0,0,3,0,0,0,0,0,0,1,1,2,5,7,9,9,9,9,9,9,9
1060,11,81,3,0,0,0,0,3,0,0,0,0,0,0,0,1,2,5,7,9,9,9,9,9,9,9
1061,11,82,3,0,0,0,0,3,1,0,1,1,0,0,0,1,2,5,7,9,9,9,9,9,9,9
1062,11,83,3,0,0,0,0,3,0,0,0,0,0,0,0,1,2,5,7,9,9,9,9,9,9,9
1063,11,84,3,0,0,0,0,3,0,0,0,0,0,0,0,1,2,5,7,9,9,9,9,9,9,9
1064,11,85,3,0,0,0,0,3,0,0,0,1,0,0,1,1,2,5,7,9,9,9,9,9,9,9
1065,11,86,3,0,0,0,0,3,1,0,0,0,0,0,0,1,2,5,7,9,9,9,9,9,9,9
1066,11,87,3,0,0,0,0,3,0,1,0,0,0,0,0,1,2,5,7,9,9,9,9,9,9,9
1067,11,88,3,0,0,0,0,3,0,0,0,1,0,0,0,1,2,5,7,9,9,9,9,9,9,9
1068,11,89,3,0,0,0,0,3,0,0,1,0,0,0,0,1,2,5,7,9,9,9,9,9,9,9
1069,11,90,3,0,0,0,0,3,0,0,0,0,0,0,0,1,2,5,7,9,9,9,9,9,9,9
1070,11,91,3,0,0,0,0,3,0,0,0,1,0,0,1,1,2,5,7,9,9,9,9,9,9,9
1071,11,92,3,0,0,0,0,3,0,0,0,0,0,0,0,1,2,5,7,9,9,9,9,9,9,9
1072,11,93,3,0,0,0,0,3,0,0,0,0,0,0,0,1,2,5,7,9,9,9,9,9,9,9
1073,11,94,3,0,0,0,0,3,0,1,0,1,0,0,0,1,2,5,7,9,9,9,9,9,9,9
1074,11,95,3,0,0,0,0,3,0,0,0,0,0,0,0,1,2,5,7,9,9,9,9,9,9,9
1075,11,96,3,0,0,0,0,3,0,0,0,0,0,0,1,1,2,5,7,9,9,9,9,9,9,9
1076,11,97,3,0,0,0,0,3,0,0,0,0,0,0,0,1,2,5,7,9,9,9,9,9,9,9
1077,11,98,3,0,0,0,0,3,0,0,0,1,0,0,0,1,2,5,7,9,9,9,9,9,9,9
1078,11,99,3,0,0,0,0,3,0,0,0,0,0,0,0,1,2,5,7,9,9,9,9,9,9,9
1079,12,2,3,0,0,0,0,3,0,0,0,1,0,0,0,1,2,5,1,1,0,0,0,0,0,0
1080,12,3,3,0,0,0,0,3,0,0,0,0,0,0,0,1,2,5,1,2,0,0,0,0,0,0
1081,12,4,3,1,0,0,0,3,0,0,0,1,0,0,0,1,2,5,2,2,0,0,0,0,0,0
1082,12,5,3,0,0,0,0,3,0,0,0,0,0,0,0,1,2,5,2,3,1,0,0,0,0,0
1083,12,6,3,0,0,0,0,3,0,0,1,1,0,0,1,1,2,5,2,3,2,0,0,0,0,0
1084,12,7,3,0,0,0,0,3,0,1,0,0,0,0,0,1,2,5,3,3,2,0,0,0,0,0
1085,12,8,3,1,0,0,0,3,0,0,0,1,0,0,0,1,2,5,3,3,3,1,0,0,0,0
1086,12,9,3,0,0,0,0,3,0,0,0,0,0,0,0,1,2,5,3,4,3,2,0,0,0,0
1087,12,10,3,0,0,0,0,3,1,0,0,1,0,0,1,1,2,5,4,4,3,2,0,0,0,0
1088,12,11,3,0,0,0,0,3,0,0,0,0,0,0,0,1,2,5,4,4,4,3,0,0,0,0
1089,12,12,3,0,0,0,0,3,0,1,1,1,0,0,0,1,2,5,4,4,4,3,1,0,0,0
1090,12,13,3,0,0,0,0,3,0,0,0,0,0,0,0,1,2,5,4,5,4,3,2,0,0,0
1091,12,14,3,1,0,0,0,3,0,0,0,1,0,0,0,1,2,5,5,5,4,4,2,0,0,0
1092,12,15,3,0,0,0,0,3,0,0,0,0,0,0,0,1,2,5,5,5,5,4,3,0,0,0
1093,12,16,3,0,0,0,0,3,0,1,0,1,0,0,0,1,2,5,5,5,5,4,3,1,0,0
1094,12,17,3,0,0,0,0,3,0,0,0,0,0,0,0,1,2,5,5,6,5,4,3,2,0,0
1095,12,18,3,1,0,0,0,3,0,0,1,1,0,0,1,1,2,5,5,6,5,5,4,2,0,0
1096,12,19,3,0,0,0,0,3,1,0,0,0,0,0,0,1,2,5,6,6,5,5,4,3,0,0
1097,12,20,3,0,0,0,0,3,0,0,0,1,0,0,0,1,2,5,6,6,6,5,4,3,1,0
1098,12,21,3,0,0,0,0,3,0,0,0,0,0,0,0,1,2,5,6,6,6,5,4,3,2,0
1099,12,22,3,0,0,0,0,3,0,0,0,1,0,0,1,1,2,5,6,6,6,5,5,4,2,0
1100,12,23,3,0,0,0,0,3,0,0,0,0,0,0,0,1,2,5,6,6,6,6,5,4,3,0
1101,12,24,3,0,0,0,0,3,0,1,1,1,0,0,0,1,2,5,7,7,6,6,5,4,3,0
1102,12,25,3,0,0,0,0,3,1,0,0,0,0,0,0,1,2,5,7,7,6,6,5,5,3,1
1103,12,26,3,1,0,0,0,3,0,0,0,1,0,0,0,1,2,5,7,7,6,6,5,5,4,2
1104,12,27,3,0,0,0,0,3,0,0,0,0,0,0,0,1,2,5,7,7,7,6,6,5,4,2
1105,12,28,3,0,0,0,0,3,0,0,0,1,0,0,0,1,2,5,7,8,7,6,6,5,4,3
1106,12,29,3,0,0,0,0,3,0,0,0,0,0,0,0,1,2,5,7,8,7,7,6,5,5,3
1107,12,30,3,0,0,0,0,3,0,0,1,1,0,0,1,1,2,5,7,8,7,7,6,6,5,4
1108,12,31,3,0,0,0,0,3,1,0,0,0,0,0,0,1,2,5,7,8,8,7,6,6,5,4
1109,12,32,3,0,0,0,0,3,0,1,0,1,0,0,0,1,2,5,7,8,8,7,7,6,5,4
1110,12,33,3,0,0,0,0,3,0,0,0,0,0,0,0,1,2,5,7,8,8,7,7,6,5,5
1111,12,34,3,0,0,0,0,3,0,0,0,1,0,0,1,1,2,5,7,8,8,7,7,6,6,5
1112,12,35,3,1,0,0,0,3,0,0,0,0,0,0,0,1,2,5,7,8,8,8,7,6,6,5
1113,12,36,3,0,0,0,0,3,0,1,1,1,0,0,0,1,2,5,7,8,8,8,7,7,6,5
1114,12,37,3,0,0,0,0,3,1,0,0,0,0,0,0,1,2,5,7,8,8,8,7,7,6,6
1115,12,38,3,0,0,0,0,3,0,0,0,1,0,0,0,1,2,5,7,9,8,8,7,7,6,6
1116,12,39,3,0,0,0,0,3,0,0,0,0,0,0,0,1,2,5,7,9,8,8,7,7,7,6
1117,12,40,3,0,0,0,0,3,0,0,0,1,0,0,0,1,2,5,7,9,8,8,8,7,7,6
1118,12,41,3,1,0,0,0,3,0,0,0,0,0,0,0,1,2,5,7,9,8,8,8,7,7,7
1119,12,42,3,0,0,0,0,3,0,0,0,1,0,0,1,1,2,5,7,9,8,8,8,8,7,7
1120,12,43,3,0,0,0,0,3,0,0,0,0,0,0,0,1,2,5,7,9,9,8,8,8,7,7
1121,12,44,3,0,0,0,0,3,0,1,0,1,0,0,0,1,2,5,7,9,9,8,8,8,8,7
1122,12,45,3,0,0,0,0,3,0,0,1,0,0,0,0,1,2,5,7,9,9,8,8,8,8,8
1123,12,46,3,0,0,0,0,3,0,0,0,1,0,0,0,1,2,5,7,9,9,9,8,8,8,8
1124,12,47,3,0,0,0,0,3,1,0,0,0,0,0,0,1,2,5,7,9,9,9,9,8,8,8
1125,12,48,3,1,0,0,0,3,0,0,0,1,0,0,0,1,2,5,7,9,9,9,9,9,8,8
1126,12,49,3,0,0,0,0,3,0,0,0,0,0,0,0,1,2,5,7,9,9,9,9,9,9,8
1127,12,50,3,0,0,0,0,3,0,0,0,1,0,0,1,1,2,5,7,9,9,9,9,9,9,9
1128,12,51,3,0,0,0,0,3,0,1,0,0,0,0,0,1,2,5,7,9,9,9,9,9,9,9
1129,12,52,3,0,0,0,0,3,0,0,0,1,0,0,0,1,2,5,7,9,9,9,9,9,9,9
1130,12,53,3,0,0,0,0,3,0,0,0,0,0,0,0,1,2,5,7,9,9,9,9,9,9,9
1131,12,54,3,1,0,0,0,3,1,0,0,1,0,0,0,1,2,5,7,9,9,9,9,9,9,9
1132,12,55,3,0,0,0,0,3,0,0,1,0,0,0,0,1,2,5,7,9,9,9,9,9,9,9
1133,12,56,3,0,0,0,0,3,0,0,0,1,0,0,1,1,2,5,7,9,9,9,9,9,9,9
1134,12,57,3,0,0,0,0,3,0,0,0,0,0,0,0,1,2,5,7,9,9,9,9,9,9,9
1135,12,58,3,0,0,0,0,3,0,1,0,1,0,0,0,1,2,5,7,9,9,9,9,9,9,9
1136,12,59,3,0,0,0,0,3,0,0,0,0,0,0,0,1,2,5,7,9,9,9,9,9,9,9
1137,12,60,3,0,0,0,0,3,0,0,0,1,0,0,0,1,2,5,7,9,9,9,9,9,9,9
1138,12,61,3,0,0,0,0,3,0,0,0,0,0,0,0,1,2,5,7,9,9,9,9,9,9,9
1139,12,62,3,1,0,0,0,3,1,0,0,1,0,0,0,1,2,5,7,9,9,9,9,9,9,9
1140,12,63,3,0,0,0,0,3,0,0,0,0,0,0,0,1,2,5,7,9,9,9,9,9,9,9
1141,12,64,3,0,0,0,0,3,0,0,1,1,0,0,1,1,2,5,7,9,9,9,9,9,9,9
1142,12,65,3,0,0,0,0,3,0,0,0,0,0,0,0,1,2,5,7,9,9,9,9,9,9,9
1143,12,66,3,0,0,0,0,3,0,0,0,1,0,0,0,1,2,5,7,9,9,9,9,9,9,9
1144,12,67,3,0,0,0,0,3,0,0,0,0,0,0,0,1,2,5,7,9,9,9,9,9,9,9
1145,12,68,3,0,0,0,0,3,0,0,0,1,0,0,0,1,2,5,7,9,9,9,9,9,9,9
1146,12,69,3,0,0,0,0,3,0,0,1,0,0,0,0,1,2,5,7,9,9,9,9,9,9,9
1147,12,70,3,0,0,0,0,3,0,1,0,1,0,0,0,1,2,5,7,9,9,9,9,9,9,9
1148,12,71,3,0,0,0,0,3,1,0,0,0,0,0,0,1,2,5,7,9,9,9,9,9,9,9
1149,12,72,3,0,0,0,0,3,0,0,0,1,0,0,1,1,2,5,7,9,9,9,9,9,9,9
1150,12,73,3,0,0,0,0,3,0,0,0,0,0,0,0,1,2,5,7,9,9,9,9,9,9,9
1151,12,74,3,1,0,0,0,3,0,0,0,1,0,0,0,1,2,5,7,9,9,9,9,9,9,9
1152,12,75,3,0,0,0,0,3,0,0,1,0,0,0,0,1,2,5,7,9,9,9,9,9,9,9
1153,12,76,3,0,0,0,0,3,0,1,0,1,0,0,1,1,2,5,7,9,9,9,9,9,9,9
1154,12,77,3,0,0,0,0,3,0,0,0,0,0,0,0,1,2,5,7,9,9,9,9,9,9,9
1155,12,78,3,0,0,0,0,3,1,0,0,1,0,0,0,1,2,5,7,9,9,9,9,9,9,9
1156,12,79,3,0,0,0,0,3,0,0,0,0,0,0,0,1,2,5,7,9,9,9,9,9,9,9
1157,12,80,3,0,0,0,0,3,0,0,0,1,0,0,0,1,2,5,7,9,9,9,9,9,9,9
1158,12,81,3,0,0,0,0,3,0,0,0,0,0,0,1,1,2,5,7,9,9,9,9,9,9,9
1159,12,82,3,0,0,0,0,3,0,1,0,1,0,0,0,1,2,5,7,9,9,9,9,9,9,9
1160,12,83,3,0,0,0,0,3,0,0,0,0,0,0,0,1,2,5,7,9,9,9,9,9,9,9
1161,12,84,3,0,0,0,0,3,0,0,0,1,0,0,0,1,2,5,7,9,9,9,9,9,9,9
1162,12,85,3,0,0,0,0,3,0,0,0,0,0,0,0,1,2,5,7,9,9,9,9,9,9,9
1163,12,86,3,0,0,0,0,3,0,0,0,1,0,0,0,1,2,5,7,9,9,9,9,9,9,9
1164,12,87,3,0,0,0,0,3,1,0,1,0,0,0,0,1,2,5,7,9,9,9,9,9,9,9
1165,12,88,3,0,0,0,0,3,0,0,0,1,0,0,0,1,2,5,7,9,9,9,9,9,9,9
1166,12,89,3,1,0,0,0,3,0,0,0,0,0,0,0,1,2,5,7,9,9,9,9,9,9,9
1167,12,90,3,0,0,0,0,3,0,0,0,1,0,0,1,1,2,5,7,9,9,9,9,9,9,9
1168,12,91,3,0,0,0,0,3,0,0,0,0,0,0,0,1,2,5,7,9,9,9,9,9,9,9
1169,12,92,3,0,0,0,0,3,0,1,0,1,0,0,0,1,2,5,7,9,9,9,9,9,9,9
1170,12,93,3,0,0,0,0,3,0,0,0,0,0,0,0,1,2,5,7,9,9,9,9,9,9,9
1171,12,94,3,0,0,0,0,3,0,0,0,1,0,0,0,1,2,5,7,9,9,9,9,9,9,9
1172,12,95,3,0,0,0,0,3,0,0,0,0,0,0,0,1,2,5,7,9,9,9,9,9,9,9
1173,12,96,3,0,0,0,0,3,0,0,1,1,0,0,1,1,2,5,7,9,9,9,9,9,9,9
1174,12,97,3,0,0,0,0,3,1,0,0,0,0,0,0,1,2,5,7,9,9,9,9,9,9,9
1175,12,98,3,0,0,0,0,3,0,0,0,1,0,0,0,1,2,5,7,9,9,9,9,9,9,9
1176,12,99,3,0,0,0,0,3,0,1,0,0,0,0,0,1,2,5,7,9,9,9,9,9,9,9
